"T_REC,USFLUX,MEANGAM,MEANGBT,MEANGBZ,MEANGBH,MEANJZD,TOTUSJZ,MEANJZH,TOTUSJH,ABSNJZH,SAVNCPP,MEANPOT,TOTPOT,MEANSHR,SHRGT45,R_VALUE,AREA_ACR"
2011.04.05_14:48:00_TAI,43.8,1.326667e+22,30.365,75.634,79.883,39.809,-0.15609656,1.255048e+13,-0.00080017,693.277,14.722,1.520807e+12,3.109261e+03,7.597383e+22,23.827,9.327,4.289,275.445374
2011.04.05_15:00:00_TAI,44.0,1.333474e+22,30.349,77.174,81.831,39.671,-0.22957489,1.259666e+13,-0.00131553,692.070,24.381,2.239123e+12,3.080750e+03,7.582544e+22,23.754,9.081,4.268,273.877411
2011.04.05_15:12:00_TAI,44.2,1.338816e+22,30.917,76.706,81.014,39.687,-0.13057886,1.229742e+13,-0.00142034,677.645,26.421,1.278299e+12,3.176091e+03,7.846305e+22,24.188,9.741,4.334,279.593658
2011.04.05_15:24:00_TAI,44.4,1.349435e+22,30.526,77.211,80.711,39.738,-0.04761750,1.231961e+13,-0.00130736,674.534,24.458,8.015496e+11,3.141516e+03,7.805115e+22,23.856,9.397,4.132,275.819885
2011.04.05_15:36:00_TAI,44.6,1.358703e+22,30.890,76.319,80.438,39.611,-0.09087291,1.268431e+13,-0.00097250,687.474,18.470,1.242949e+12,3.073477e+03,7.752399e+22,23.927,10.009,4.215,283.235291
2011.04.05_15:48:00_TAI,44.8,1.359383e+22,30.772,76.530,79.893,39.188,-0.18583171,1.262488e+13,-0.00111846,687.907,21.335,1.865362e+12,3.100367e+03,7.853989e+22,24.023,9.452,4.283,284.429993
2011.04.05_16:00:00_TAI,45.0,1.364472e+22,30.562,77.297,81.830,39.422,-0.15258726,1.251721e+13,-0.00127414,685.144,24.386,1.536775e+12,3.054602e+03,7.764018e+22,23.686,8.909,4.370,285.889496
2011.04.05_16:12:00_TAI,45.2,1.368067e+22,30.921,76.665,79.351,39.204,-0.23935463,1.276816e+13,-0.00123312,699.760,23.810,2.432028e+12,3.078491e+03,7.894238e+22,23.917,9.395,4.404,273.377747
2011.04.05_16:24:00_TAI,45.4,1.380964e+22,30.840,75.884,78.318,38.767,-0.16372223,1.285700e+13,-0.00109338,699.578,21.434,1.688940e+12,3.011575e+03,7.840629e+22,23.650,8.993,4.419,282.602325
2011.04.05_16:36:00_TAI,45.6,1.373871e+22,30.754,76.477,80.388,39.308,-0.12512922,1.301877e+13,-0.00050152,695.696,9.859,2.398907e+12,2.956353e+03,7.718061e+22,23.605,8.892,4.305,275.142792
2011.04.05_16:48:00_TAI,45.8,1.367350e+22,30.675,77.464,80.953,38.926,-0.05136575,1.254153e+13,-0.00137451,677.913,26.961,5.301974e+11,2.942311e+03,7.664990e+22,23.630,8.926,4.287,279.418732
2011.04.05_17:00:00_TAI,46.0,1.349464e+22,30.881,76.996,80.621,39.271,-0.11597743,1.247541e+13,-0.00160791,670.907,31.148,1.182220e+12,2.946529e+03,7.580499e+22,23.587,8.884,4.237,271.049438
2011.04.05_17:12:00_TAI,46.2,1.337894e+22,31.244,77.260,82.796,38.998,-0.10832378,1.253392e+13,-0.00122278,657.813,23.674,1.171418e+12,2.977606e+03,7.656101e+22,24.463,10.056,4.207,272.355042
2011.04.05_17:24:00_TAI,46.4,1.330703e+22,31.484,77.484,81.673,38.412,-0.03029828,1.219367e+13,-0.00149894,649.659,28.717,4.282805e+11,2.976248e+03,7.572370e+22,24.089,10.126,3.886,269.014008
2011.04.05_17:36:00_TAI,46.6,1.313829e+22,31.325,76.599,80.470,38.744,-0.07004099,1.200847e+13,-0.00145129,645.685,27.450,8.609175e+11,2.939254e+03,7.383005e+22,23.912,9.448,4.051,263.905701
2011.04.05_17:48:00_TAI,46.8,1.276846e+22,30.916,79.053,83.107,39.566,-0.13951524,1.176193e+13,-0.00165383,640.939,29.708,1.318766e+12,3.038738e+03,7.249515e+22,24.351,10.315,3.971,266.723938
2011.04.05_18:24:00_TAI,47.4,1.240169e+22,31.530,79.795,84.453,40.274,-0.26118541,1.161366e+13,-0.00090091,639.820,15.664,2.389561e+12,3.182747e+03,7.349188e+22,24.486,10.163,4.026,263.516571
2011.04.05_18:36:00_TAI,47.6,1.229948e+22,31.002,80.592,83.487,39.948,-0.24069135,1.163002e+13,-0.00134111,659.099,22.580,2.132414e+12,3.262328e+03,7.294657e+22,24.124,9.889,3.893,269.566986
2011.04.05_18:48:00_TAI,47.8,1.220737e+22,31.185,81.426,85.468,41.317,-0.21024632,1.189864e+13,-0.00178226,668.397,29.741,1.846432e+12,3.313841e+03,7.345147e+22,MISSING,9.874,4.048,263.801147
2011.04.05_19:36:00_TAI,48.6,1.216536e+22,31.240,84.425,88.156,43.120,-0.14065267,1.232477e+13,-0.00117716,684.914,18.977,2.655463e+12,3.557774e+03,7.616983e+22,25.157,10.291,3.924,270.412109
2011.04.05_19:48:00_TAI,48.8,1.235736e+22,31.336,83.021,87.188,42.092,-0.04262317,1.226013e+13,-0.00152837,681.880,25.282,2.097773e+12,3.516479e+03,7.725180e+22,25.045,9.781,3.902,270.918243
2011.04.05_20:00:00_TAI,49.0,1.212094e+22,31.817,82.349,86.534,41.875,-0.00089124,1.217164e+13,-0.00117499,669.765,19.283,2.310892e+12,3.538791e+03,7.712631e+22,25.472,10.572,4.181,268.668365
2011.04.05_20:12:00_TAI,49.2,1.200857e+22,31.362,82.136,85.511,41.174,-0.07937644,1.184350e+13,-0.00117987,657.943,19.205,2.964830e+12,3.464246e+03,7.488515e+22,25.027,10.106,3.952,255.537109
2011.04.05_20:24:00_TAI,49.4,1.194089e+22,32.053,82.448,88.000,42.287,-0.00086971,1.247783e+13,-0.00044454,658.172,7.325,3.716891e+12,3.455580e+03,7.561563e+22,25.407,10.633,3.906,248.551941
2011.04.05_20:36:00_TAI,49.6,1.208890e+22,31.790,81.208,84.691,41.183,-0.00021297,1.214321e+13,-0.00086639,662.941,14.626,2.801396e+12,3.389054e+03,7.598275e+22,25.329,10.597,3.910,244.640732
2011.04.05_20:48:00_TAI,49.8,1.177321e+22,32.540,84.568,91.198,42.355,0.10200270,1.253863e+13,-0.00036126,661.942,5.994,3.659502e+12,3.723963e+03,8.207204e+22,26.105,12.311,3.935,247.716080
2011.04.05_21:00:00_TAI,50.0,1.190867e+22,31.598,79.607,83.028,40.128,0.02492621,1.146309e+13,-0.00099874,633.301,16.671,2.249385e+12,3.367562e+03,7.466011e+22,25.007,9.890,3.823,240.736328
2011.04.05_21:12:00_TAI,50.2,1.175065e+22,32.264,80.648,85.810,41.001,-0.04122522,1.202994e+13,-0.00096550,634.159,16.178,2.270530e+12,3.355197e+03,7.466665e+22,25.776,11.112,3.862,244.233917
2011.04.05_21:24:00_TAI,50.4,1.161483e+22,32.089,80.317,85.318,40.880,0.01980037,1.184185e+13,-0.00099892,625.744,16.593,2.301413e+12,3.297300e+03,7.274330e+22,25.503,10.420,3.884,248.157974
2011.04.05_21:36:00_TAI,50.6,1.156703e+22,31.754,82.693,89.355,40.959,0.02532483,1.207342e+13,-0.00180026,633.178,29.917,1.546599e+12,3.422738e+03,7.553788e+22,25.556,10.862,3.815,229.133652
2011.04.05_21:48:00_TAI,50.8,1.153350e+22,32.270,78.962,82.909,39.717,0.02270116,1.137636e+13,-0.00157794,613.538,26.219,2.110821e+12,3.400147e+03,7.503482e+22,25.489,10.868,3.879,242.129303
2011.04.05_22:00:00_TAI,51.0,1.143301e+22,32.113,80.568,85.407,40.925,0.04259706,1.184371e+13,-0.00158930,628.732,26.010,2.394705e+12,3.290331e+03,7.152335e+22,25.640,10.942,3.762,242.868729
2011.04.05_22:12:00_TAI,51.2,1.134434e+22,31.693,80.898,85.942,40.318,-0.00947440,1.126877e+13,-0.00163553,613.953,26.417,2.409405e+12,3.294403e+03,7.067997e+22,25.531,10.795,3.889,243.620270
2011.04.05_22:24:00_TAI,51.4,1.136198e+22,31.943,79.946,83.792,39.758,-0.00333636,1.136105e+13,-0.00195993,615.663,31.953,2.027464e+12,3.237320e+03,7.009157e+22,25.298,10.556,3.731,241.787476
2011.04.05_22:36:00_TAI,51.6,1.138157e+22,31.883,80.944,83.483,40.109,0.00967340,1.145995e+13,-0.00127234,624.303,20.758,2.863766e+12,3.217351e+03,6.971474e+22,25.258,10.413,3.861,234.506897
2011.04.05_22:48:00_TAI,51.8,1.112980e+22,31.761,81.820,84.908,40.483,0.00377750,1.093616e+13,-0.00173227,605.706,27.358,2.061405e+12,3.234849e+03,6.785138e+22,25.112,9.510,3.712,236.277954
2011.04.05_23:00:00_TAI,52.0,1.107755e+22,31.903,82.339,86.010,40.402,0.01392711,1.108759e+13,-0.00165602,607.242,26.268,1.986711e+12,3.240020e+03,6.825673e+22,25.482,10.086,3.738,241.596024
2011.04.05_23:12:00_TAI,52.2,1.087434e+22,31.447,83.591,86.866,41.175,0.03201652,1.086625e+13,-0.00155407,606.833,23.642,2.042735e+12,3.262436e+03,6.591275e+22,25.135,9.282,3.790,237.765091
2011.04.05_23:24:00_TAI,52.4,1.091198e+22,31.465,84.540,87.632,40.819,-0.06588658,1.093174e+13,-0.00090802,608.788,13.839,2.579059e+12,3.275231e+03,6.630611e+22,25.247,9.735,3.730,233.165802
2011.04.05_23:36:00_TAI,52.6,1.102669e+22,31.015,84.356,86.377,40.700,-0.01748257,1.091003e+13,-0.00154210,608.470,23.872,1.844747e+12,3.152104e+03,6.480134e+22,24.524,8.230,3.775,235.319931
2011.04.05_23:48:00_TAI,52.8,1.107711e+22,30.860,84.357,86.414,40.661,-0.06294398,1.090691e+13,-0.00200919,610.798,31.189,1.563326e+12,3.158777e+03,6.511889e+22,24.496,8.388,3.570,235.533676
2011.04.06_00:00:00_TAI,53.0,1.094884e+22,31.413,84.008,86.637,40.467,0.06046413,1.097930e+13,-0.00139540,606.767,21.528,2.494977e+12,3.198004e+03,6.552415e+22,24.915,9.230,3.605,232.083115
2011.04.06_00:12:00_TAI,53.2,1.096963e+22,31.016,84.195,86.326,39.787,-0.14147004,1.077792e+13,-0.00111421,606.386,17.059,2.078800e+12,3.207580e+03,6.521767e+22,24.520,8.916,3.609,235.716019
2011.04.06_00:24:00_TAI,53.4,1.093918e+22,30.873,84.754,86.952,39.912,-0.12464072,1.083392e+13,-0.00103930,611.545,15.808,2.664590e+12,3.178191e+03,6.419803e+22,24.549,8.646,3.617,235.407562
2011.04.06_00:48:00_TAI,53.8,1.095543e+22,30.910,84.798,87.204,39.315,-0.05014199,1.067106e+13,-0.00172099,597.799,26.335,1.699129e+12,3.176794e+03,6.455798e+22,24.282,8.933,3.629,232.983826
2011.04.06_01:00:00_TAI,54.0,1.104408e+22,30.791,84.087,86.138,39.247,-0.11000340,1.075139e+13,-0.00159759,596.788,24.903,1.620151e+12,3.103703e+03,6.425148e+22,24.108,8.693,3.596,232.243790
2011.04.06_01:12:00_TAI,54.2,1.097105e+22,30.759,84.271,86.056,39.141,-0.10874957,1.046350e+13,-0.00099772,584.800,15.406,2.077585e+12,3.075576e+03,6.307288e+22,24.214,8.891,3.599,235.630661
2011.04.06_01:24:00_TAI,54.4,1.095371e+22,30.871,83.431,85.499,38.882,-0.12427424,1.053393e+13,-0.00088995,587.286,13.775,2.219415e+12,3.070531e+03,6.312030e+22,24.323,8.689,3.688,240.258789
2011.04.06_01:36:00_TAI,54.6,1.105078e+22,30.744,83.484,85.434,38.580,-0.06092512,1.048798e+13,-0.00124503,586.502,19.496,2.140005e+12,3.015767e+03,6.271543e+22,23.899,8.142,3.772,241.937256
2011.04.06_01:48:00_TAI,54.8,1.121607e+22,31.006,82.420,84.595,38.487,-0.13752618,1.079952e+13,-0.00128389,590.501,20.820,2.291016e+12,2.940062e+03,6.332372e+22,24.346,8.793,3.736,237.936554
2011.04.06_02:00:00_TAI,55.0,1.127201e+22,30.816,83.139,85.624,38.920,-0.15629631,1.075228e+13,-0.00067230,595.137,10.873,2.952582e+12,2.981711e+03,6.404652e+22,24.214,8.736,3.836,245.987000
2011.04.06_02:12:00_TAI,55.2,1.133053e+22,30.871,82.166,84.085,38.284,-0.10266739,1.072322e+13,-0.00083016,590.691,13.532,2.965938e+12,2.985771e+03,6.464524e+22,24.210,9.041,3.731,247.678360
2011.04.06_02:24:00_TAI,55.4,1.142676e+22,30.572,82.457,84.267,37.895,-0.12784629,1.064605e+13,-0.00125754,586.941,20.730,1.826978e+12,2.911848e+03,6.375241e+22,23.781,8.662,3.709,244.264725
2011.04.06_02:36:00_TAI,55.6,1.140441e+22,30.653,82.625,84.507,37.805,-0.12807943,1.064825e+13,-0.00086648,581.938,14.351,2.643269e+12,2.878525e+03,6.331717e+22,23.907,8.670,3.639,241.756821
2011.04.06_02:48:00_TAI,55.8,1.141636e+22,30.669,83.671,85.272,38.458,-0.05539625,1.056059e+13,-0.00091068,583.474,14.975,2.535832e+12,2.929786e+03,6.398952e+22,23.771,8.482,3.660,241.845200
2011.04.06_03:00:00_TAI,56.0,1.148739e+22,30.581,83.851,85.281,38.739,-0.10841716,1.068175e+13,-0.00111938,588.324,18.560,2.194600e+12,2.909009e+03,6.405725e+22,23.862,8.262,3.707,236.373611
2011.04.06_03:12:00_TAI,56.2,1.149097e+22,30.627,83.844,85.600,38.531,-0.11613110,1.090395e+13,-0.00098654,590.823,16.417,2.324396e+12,2.886594e+03,6.379751e+22,24.036,8.509,3.620,237.972076
2011.04.06_03:24:00_TAI,56.4,1.194302e+22,30.699,82.442,84.042,37.753,-0.02137015,1.138546e+13,-0.00082982,606.536,14.567,2.447041e+12,2.760012e+03,6.434642e+22,23.876,8.237,3.547,245.766846
2011.04.06_03:36:00_TAI,56.6,1.251261e+22,30.837,80.820,82.244,36.888,0.00476463,1.178900e+13,-0.00082009,615.137,15.363,2.120056e+12,2.657167e+03,6.610568e+22,24.042,8.669,3.617,254.678619
2011.04.06_03:48:00_TAI,56.8,1.258561e+22,30.514,82.343,84.173,37.326,0.01646458,1.214575e+13,-0.00029463,640.729,5.508,1.977506e+12,2.661623e+03,6.609634e+22,23.846,8.492,3.670,258.938080
2011.04.06_04:00:00_TAI,57.0,1.307627e+22,29.820,81.072,82.443,36.577,0.01155944,1.227677e+13,-0.00020798,645.213,4.029,2.591688e+12,2.583376e+03,6.646217e+22,23.218,7.676,3.512,270.115326
2011.04.06_04:12:00_TAI,57.2,1.405715e+22,29.771,82.281,84.656,37.716,0.15213564,1.349626e+13,0.00023244,723.901,4.736,2.492245e+12,2.671903e+03,7.229877e+22,23.401,7.760,3.510,286.297943
2011.04.06_04:24:00_TAI,57.4,1.460471e+22,29.745,82.929,85.143,38.659,0.02928315,1.430373e+13,0.00096832,760.016,20.415,3.304256e+12,2.702791e+03,7.569023e+22,23.571,8.052,3.735,291.884766
2011.04.06_04:36:00_TAI,57.6,1.480061e+22,30.081,82.128,84.181,38.620,0.03031693,1.484073e+13,0.00111522,781.311,23.982,3.599537e+12,2.708219e+03,7.734205e+22,23.942,8.324,3.710,296.542206
2011.04.06_04:48:00_TAI,57.8,1.468001e+22,29.853,83.497,85.967,38.802,-0.09226316,1.455769e+13,0.00145657,783.343,30.536,3.922871e+12,2.777846e+03,7.734203e+22,23.835,8.142,3.809,293.195587
2011.04.06_05:00:00_TAI,58.0,1.458248e+22,29.899,84.343,86.698,39.247,-0.07862751,1.457307e+13,0.00160090,789.752,32.977,3.668930e+12,2.860500e+03,7.826051e+22,23.880,8.092,3.851,297.278778
2011.04.06_05:12:00_TAI,58.2,1.435518e+22,29.883,84.712,87.125,39.628,-0.01085073,1.454389e+13,0.00124213,792.041,25.101,3.020270e+12,2.895630e+03,7.771037e+22,23.673,7.962,3.807,301.325623
2011.04.06_05:24:00_TAI,58.4,1.419333e+22,29.695,85.685,87.763,39.497,-0.11622216,1.418938e+13,0.00153038,792.703,30.308,3.085209e+12,2.930612e+03,7.708071e+22,23.541,7.589,3.847,305.119110
2011.04.06_13:00:00_TAI,66.0,1.848721e+22,29.785,83.718,87.110,38.359,0.06541146,1.891713e+13,0.00306492,988.533,83.111,7.339564e+12,2.537628e+03,9.138991e+22,22.600,7.984,3.961,424.774200
2011.04.06_13:12:00_TAI,66.2,1.895137e+22,29.471,83.755,87.001,38.077,0.06455082,1.974906e+13,0.00290044,1024.018,80.960,7.055436e+12,2.477833e+03,9.185254e+22,22.474,7.652,3.938,427.992554
2011.04.06_13:24:00_TAI,66.4,1.936740e+22,29.798,83.791,87.191,38.178,0.08541294,2.042711e+13,0.00281885,1056.411,80.594,6.866948e+12,2.513249e+03,9.542838e+22,22.990,8.279,4.012,438.086304
2011.04.06_13:36:00_TAI,66.6,1.956527e+22,29.931,84.364,88.163,38.563,0.10184213,2.095133e+13,0.00217781,1086.844,62.882,5.864627e+12,2.559048e+03,9.813593e+22,23.331,8.627,3.968,446.532257
2011.04.06_13:48:00_TAI,66.8,1.974192e+22,30.289,84.265,88.644,38.460,0.17233865,2.148682e+13,0.00274838,1106.196,80.396,6.337550e+12,2.621569e+03,1.018426e+23,23.631,9.264,4.027,460.668701
2011.04.06_14:00:00_TAI,67.0,1.983411e+22,30.006,85.115,90.019,38.828,0.07880904,2.194313e+13,0.00291242,1110.566,85.707,7.589487e+12,2.629751e+03,1.027786e+23,23.548,8.961,3.934,465.131256
2011.04.06_14:12:00_TAI,67.2,2.039515e+22,30.440,84.928,89.319,38.794,0.14049357,2.256304e+13,0.00346678,1139.080,105.366,8.480170e+12,2.592010e+03,1.046219e+23,23.994,9.742,3.864,473.937256
2011.04.06_14:24:00_TAI,67.4,2.089255e+22,30.308,83.888,88.082,38.384,0.10836238,2.328824e+13,0.00326849,1180.361,102.157,8.341188e+12,2.645680e+03,1.098169e+23,23.991,9.576,3.951,488.809265
2011.04.06_14:36:00_TAI,67.6,2.131778e+22,30.642,83.393,88.290,38.558,0.05044865,2.411135e+13,0.00282851,1203.334,90.733,7.554548e+12,2.585541e+03,1.101467e+23,24.406,10.203,4.031,498.038483
2011.04.06_14:48:00_TAI,67.8,2.163724e+22,30.909,84.447,89.505,38.995,0.12145044,2.477185e+13,0.00334188,1231.901,108.865,9.467616e+12,2.804920e+03,1.213624e+23,24.811,10.853,4.017,504.131653
2011.04.06_15:00:00_TAI,68.0,2.212006e+22,30.569,85.367,90.564,38.990,0.10909605,2.533225e+13,0.00342243,1277.444,113.792,8.011999e+12,2.697039e+03,1.191016e+23,24.178,9.894,4.035,512.003845
2011.04.06_15:12:00_TAI,68.2,2.250425e+22,30.451,85.837,90.654,39.189,0.05975812,2.554073e+13,0.00312817,1291.944,105.651,7.794589e+12,2.711730e+03,1.216374e+23,24.276,9.877,4.014,520.121033
2011.04.06_15:24:00_TAI,68.4,2.289797e+22,30.824,85.652,90.468,39.268,0.06425589,2.610773e+13,0.00271989,1308.538,94.271,7.539758e+12,2.708075e+03,1.246564e+23,24.552,10.450,4.088,524.825134
2011.04.06_15:36:00_TAI,68.6,2.323745e+22,31.121,84.687,88.692,38.934,0.08429461,2.601056e+13,0.00277485,1302.045,98.174,7.823542e+12,2.581077e+03,1.212853e+23,24.810,10.723,4.050,533.123474
2011.04.06_15:48:00_TAI,68.8,2.375490e+22,31.290,84.891,88.841,39.474,0.05260417,2.687043e+13,0.00280931,1328.179,102.293,7.553661e+12,2.577638e+03,1.246462e+23,24.846,10.595,4.101,543.629822
2011.04.06_16:00:00_TAI,69.0,2.388008e+22,31.123,84.007,87.166,39.099,0.09546655,2.691103e+13,0.00293220,1331.044,107.964,7.996626e+12,2.520086e+03,1.232286e+23,24.650,10.201,4.128,537.802124
2011.04.06_16:12:00_TAI,69.2,2.400614e+22,30.801,84.063,87.356,38.755,0.16389565,2.652856e+13,0.00266280,1334.255,98.233,7.660108e+12,2.492043e+03,1.220924e+23,24.056,9.176,4.174,534.280090
2011.04.06_16:24:00_TAI,69.4,2.396706e+22,31.144,84.028,87.315,39.032,0.08374669,2.615870e+13,0.00245494,1317.065,90.794,7.691762e+12,2.522233e+03,1.238864e+23,24.390,9.896,4.151,540.342468
2011.04.06_16:36:00_TAI,69.6,2.416012e+22,30.957,83.809,86.586,38.274,0.16023424,2.636180e+13,0.00273087,1339.601,102.126,8.697750e+12,2.484510e+03,1.233928e+23,23.939,9.177,4.141,538.263367
2011.04.06_16:48:00_TAI,69.8,2.396180e+22,31.480,83.842,86.822,38.829,0.13181660,2.584207e+13,0.00223375,1310.042,82.924,7.201065e+12,2.533779e+03,1.249245e+23,24.133,9.659,4.155,551.298767
2011.04.06_17:00:00_TAI,70.0,2.392081e+22,31.511,83.812,86.745,38.717,0.08298063,2.561658e+13,0.00201962,1314.884,74.871,6.744920e+12,2.576750e+03,1.268652e+23,24.141,9.862,4.151,547.098328
2011.04.06_17:12:00_TAI,70.2,2.363380e+22,31.574,84.610,87.140,38.864,0.12984008,2.478852e+13,0.00211795,1289.311,77.079,7.592090e+12,2.599984e+03,1.256612e+23,24.027,9.898,4.123,545.388611
2011.04.06_17:24:00_TAI,70.4,2.341416e+22,32.133,85.643,88.349,40.015,0.09983005,2.519989e+13,0.00216661,1296.088,77.929,7.329238e+12,2.701558e+03,1.290456e+23,24.510,10.846,4.063,548.538208
2011.04.06_17:36:00_TAI,70.6,2.320664e+22,32.234,86.528,89.428,40.220,0.06564187,2.423908e+13,0.00182051,1271.433,64.198,6.481217e+12,2.770170e+03,1.297330e+23,24.543,10.739,4.056,543.808044
2011.04.06_17:48:00_TAI,70.8,2.314714e+22,31.684,87.499,90.379,40.699,0.08247129,2.431479e+13,0.00158451,1289.608,54.921,6.077944e+12,2.769419e+03,1.274837e+23,24.017,10.132,4.056,543.903687
2011.04.06_18:24:00_TAI,71.4,2.279515e+22,31.111,90.492,93.886,41.700,-0.00262103,2.393591e+13,0.00217733,1327.364,71.599,7.128410e+12,2.932473e+03,1.280652e+23,23.798,9.582,4.064,548.676453
2011.04.06_18:36:00_TAI,71.6,2.277962e+22,31.007,90.947,94.558,42.483,-0.00158220,2.426766e+13,0.00255760,1342.822,83.071,7.490530e+12,2.977471e+03,1.284447e+23,23.689,9.411,4.053,560.794922
2011.04.06_18:48:00_TAI,71.8,2.267324e+22,30.843,92.081,95.494,42.833,-0.05657055,2.419035e+13,0.00285575,1350.459,91.315,8.358960e+12,3.078737e+03,1.307443e+23,23.822,9.419,4.160,570.265198
2011.04.06_19:00:00_TAI,72.0,2.281588e+22,30.601,92.514,96.182,43.280,0.03358142,2.496833e+13,0.00318744,1389.380,101.494,8.649404e+12,3.131081e+03,1.324100e+23,23.842,9.487,4.159,559.222412
2011.04.06_19:12:00_TAI,72.2,2.323440e+22,30.657,92.943,96.630,43.633,-0.07354642,2.600491e+13,0.00319718,1441.676,103.570,8.547965e+12,3.150538e+03,1.355424e+23,24.176,9.714,4.139,556.752869
2011.04.06_19:24:00_TAI,72.4,2.349923e+22,30.222,93.211,97.322,44.420,-0.01250057,2.636502e+13,0.00270141,1453.377,88.361,8.600692e+12,3.215027e+03,1.396618e+23,24.059,9.162,4.184,562.157837
2011.04.06_19:36:00_TAI,72.6,2.402794e+22,30.504,91.464,94.388,43.548,0.00743452,2.643133e+13,0.00311001,1460.154,104.478,8.251583e+12,3.125011e+03,1.394203e+23,24.332,9.624,4.156,566.841553
2011.04.06_19:48:00_TAI,72.8,2.443931e+22,30.547,92.303,95.045,43.784,-0.04152774,2.656777e+13,0.00326532,1466.456,111.632,8.820259e+12,3.112466e+03,1.413118e+23,24.387,9.635,4.152,566.062561
2011.04.06_20:00:00_TAI,73.0,2.492259e+22,30.765,90.941,93.425,43.411,-0.05204142,2.732297e+13,0.00297434,1490.966,105.009,9.360985e+12,3.134839e+03,1.469861e+23,24.683,9.902,4.167,560.991455
2011.04.06_20:12:00_TAI,73.2,2.498545e+22,31.063,89.632,92.642,43.004,-0.08446322,2.676504e+13,0.00261886,1448.024,93.776,7.662153e+12,3.036508e+03,1.444000e+23,24.574,9.671,4.176,560.168518
2011.04.06_20:24:00_TAI,73.4,2.514540e+22,31.330,89.218,92.019,42.491,-0.10711506,2.727442e+13,0.00217429,1462.014,79.455,5.585485e+12,3.022633e+03,1.466946e+23,24.701,9.993,4.136,560.927551
2011.04.06_20:36:00_TAI,73.6,2.540196e+22,30.906,88.693,91.695,41.960,0.04514277,2.702586e+13,0.00232081,1458.098,86.002,7.006856e+12,2.960485e+03,1.457032e+23,24.436,9.428,4.098,562.563721
2011.04.06_20:48:00_TAI,73.8,2.518292e+22,30.822,88.519,91.399,41.516,-0.00359885,2.618890e+13,0.00215917,1414.863,79.330,5.242601e+12,2.965389e+03,1.446962e+23,24.327,9.393,4.060,561.604004
2011.04.06_21:00:00_TAI,74.0,2.507498e+22,30.800,88.404,91.435,41.320,-0.02543297,2.570565e+13,0.00255380,1396.114,93.617,6.805598e+12,2.949691e+03,1.436050e+23,24.240,9.597,4.035,558.821777
2011.04.06_21:12:00_TAI,74.2,2.519273e+22,30.803,88.084,90.983,41.183,0.00681183,2.599857e+13,0.00280507,1405.526,103.894,6.811073e+12,2.931519e+03,1.442037e+23,24.017,9.341,4.106,572.822083
2011.04.06_21:24:00_TAI,74.4,2.492913e+22,30.795,87.404,90.527,40.340,-0.03571320,2.534257e+13,0.00155787,1371.698,57.147,5.070144e+12,2.900033e+03,1.412876e+23,24.153,9.680,4.082,566.433044
2011.04.06_21:36:00_TAI,74.6,2.472339e+22,31.186,88.561,91.657,41.048,-0.05561474,2.531363e+13,0.00281554,1357.166,102.899,7.290756e+12,2.972535e+03,1.442750e+23,24.423,9.957,4.046,573.009705
2011.04.06_21:48:00_TAI,74.8,2.464289e+22,30.767,89.510,92.867,41.191,-0.07460808,2.558558e+13,0.00192392,1370.903,69.600,6.464748e+12,2.915702e+03,1.400878e+23,23.953,9.011,4.011,567.532043
2011.04.06_22:00:00_TAI,75.0,2.457914e+22,30.843,90.002,93.219,41.387,-0.00128253,2.539723e+13,0.00222873,1378.975,80.029,6.528950e+12,2.914627e+03,1.389949e+23,23.988,9.148,4.119,571.361206
2011.04.06_22:12:00_TAI,75.2,2.451278e+22,30.606,89.979,93.008,41.509,-0.07518324,2.509348e+13,0.00378217,1387.510,134.959,9.007615e+12,2.948424e+03,1.397295e+23,23.815,9.051,4.054,574.151733
2011.04.06_22:24:00_TAI,75.4,2.450009e+22,30.726,90.481,93.762,41.639,-0.12950462,2.559835e+13,0.00219868,1379.511,78.651,6.938120e+12,2.917258e+03,1.385896e+23,24.096,9.499,4.094,581.235779
2011.04.06_22:36:00_TAI,75.6,2.451609e+22,30.676,91.870,94.606,41.789,-0.04221558,2.528438e+13,0.00141087,1406.832,49.986,7.585262e+12,2.998676e+03,1.410956e+23,24.043,9.444,4.058,583.541260
2011.04.06_22:48:00_TAI,75.8,2.459582e+22,30.688,91.529,95.051,41.831,-0.03188002,2.581359e+13,0.00234553,1392.156,83.916,7.073502e+12,2.929156e+03,1.391782e+23,24.064,9.268,4.074,587.168884
2011.04.06_23:00:00_TAI,76.0,2.448861e+22,30.646,92.853,95.975,42.145,-0.00310082,2.596344e+13,0.00299453,1411.370,105.536,7.594320e+12,2.975966e+03,1.392879e+23,24.072,9.310,4.047,581.352783
2011.04.06_23:12:00_TAI,76.2,2.444149e+22,30.495,93.230,96.499,42.350,-0.00292353,2.598291e+13,0.00197353,1434.134,68.947,6.604123e+12,3.019625e+03,1.401042e+23,23.933,8.999,4.007,582.793579
2011.04.06_23:24:00_TAI,76.4,2.418259e+22,30.842,93.626,96.922,42.531,-0.02791383,2.550222e+13,0.00200733,1405.986,69.142,7.074578e+12,3.066902e+03,1.402979e+23,24.176,9.354,4.087,592.045044
2011.04.06_23:36:00_TAI,76.6,2.443146e+22,30.743,94.309,97.811,42.915,-0.02265343,2.610773e+13,0.00255449,1428.259,88.850,6.988508e+12,3.084606e+03,1.424884e+23,24.163,9.042,4.021,601.941223
2011.04.06_23:48:00_TAI,76.8,2.447171e+22,31.022,94.255,97.898,42.893,-0.03440474,2.646320e+13,0.00295426,1446.990,103.349,8.069793e+12,3.085762e+03,1.433695e+23,24.328,9.613,3.985,612.790955
2011.04.07_00:00:00_TAI,77.0,2.433174e+22,30.990,95.446,98.908,43.588,-0.07396258,2.580510e+13,0.00475369,1414.830,164.216,8.661649e+12,3.096123e+03,1.420417e+23,24.331,9.642,3.996,610.361877
2011.04.07_00:12:00_TAI,77.2,2.433677e+22,30.889,97.132,100.768,44.097,-0.07370366,2.622943e+13,0.00325627,1414.438,112.527,6.837758e+12,3.075865e+03,1.411655e+23,24.507,9.841,4.081,602.752747
2011.04.07_00:24:00_TAI,77.4,2.434656e+22,31.002,96.675,100.474,44.152,-0.00237383,2.635366e+13,0.00343185,1420.028,118.529,7.249865e+12,3.079388e+03,1.412453e+23,24.498,9.812,3.995,606.158325
2011.04.07_00:36:00_TAI,77.6,2.454733e+22,30.812,96.704,99.875,44.103,-0.05312639,2.664535e+13,0.00347139,1434.102,120.794,8.141027e+12,3.091300e+03,1.428550e+23,24.498,9.949,4.006,618.063416
2011.04.07_00:48:00_TAI,77.8,2.462574e+22,30.795,96.208,99.832,43.870,-0.02762320,2.684329e+13,0.00343580,1454.862,119.954,8.279840e+12,3.099672e+03,1.437318e+23,24.444,9.655,4.034,624.849548
2011.04.07_01:00:00_TAI,78.0,2.470488e+22,30.921,95.912,99.066,43.549,-0.04137236,2.656836e+13,0.00461750,1445.042,161.908,9.993814e+12,3.131979e+03,1.458496e+23,24.632,9.904,3.977,635.408752
2011.04.07_01:12:00_TAI,78.2,2.459304e+22,31.257,95.782,99.092,43.789,-0.07453378,2.662817e+13,0.00483187,1443.084,169.091,1.103206e+13,3.158951e+03,1.468287e+23,24.974,10.426,3.967,626.659790
2011.04.07_01:24:00_TAI,78.4,2.470496e+22,30.726,96.549,99.508,43.709,-0.09453979,2.653101e+13,0.00471981,1450.241,165.778,1.086937e+13,3.082314e+03,1.437824e+23,24.562,9.683,4.036,625.832886
2011.04.07_01:36:00_TAI,78.6,2.477784e+22,30.543,96.575,99.153,43.732,-0.08477275,2.701370e+13,0.00463048,1466.341,163.067,1.094095e+13,3.049470e+03,1.426270e+23,24.321,9.464,4.029,629.873108
2011.04.07_01:48:00_TAI,78.8,2.488812e+22,30.780,95.689,98.077,43.395,-0.09738708,2.681002e+13,0.00402944,1467.949,143.662,9.086666e+12,3.014223e+03,1.427237e+23,24.484,9.587,4.019,626.452087
2011.04.07_02:00:00_TAI,79.0,2.492301e+22,30.739,95.061,97.077,43.045,-0.01704085,2.623642e+13,0.00387796,1434.625,139.176,9.701582e+12,3.015453e+03,1.437311e+23,24.450,9.548,4.056,632.553040
2011.04.07_02:12:00_TAI,79.2,2.504525e+22,31.090,94.569,97.002,42.584,-0.03465153,2.671639e+13,0.00421440,1440.843,153.290,1.028622e+13,2.989745e+03,1.444195e+23,24.630,9.958,3.993,644.191833
2011.04.07_02:24:00_TAI,79.4,2.504449e+22,31.432,94.356,96.750,42.243,0.02610254,2.673977e+13,0.00414707,1438.038,151.903,9.324551e+12,3.014631e+03,1.466585e+23,25.009,10.494,4.034,643.793701
2011.04.07_02:36:00_TAI,79.6,2.512133e+22,31.328,94.568,96.706,42.378,-0.04228852,2.686934e+13,0.00368336,1431.239,135.452,9.160987e+12,2.970504e+03,1.450720e+23,24.944,10.415,4.081,640.895020
2011.04.07_02:48:00_TAI,79.8,2.529567e+22,31.246,93.312,95.521,41.966,0.00175034,2.672161e+13,0.00366782,1425.595,136.538,9.427594e+12,2.938047e+03,1.452622e+23,24.961,10.245,4.047,646.169250
2011.04.07_03:00:00_TAI,80.0,2.542277e+22,30.679,93.065,95.201,41.870,-0.00035792,2.655755e+13,0.00397580,1422.262,147.518,1.115578e+13,2.891882e+03,1.425073e+23,24.433,9.344,4.034,651.143494
2011.04.07_03:12:00_TAI,80.2,2.559847e+22,31.440,92.587,94.945,41.781,0.00682391,2.743754e+13,0.00382469,1445.407,144.914,1.036069e+13,2.940739e+03,1.479768e+23,25.134,10.467,4.102,653.938416
2011.04.07_03:24:00_TAI,80.4,2.564015e+22,31.364,91.683,94.034,41.498,-0.00239175,2.747410e+13,0.00363686,1433.751,139.034,9.952759e+12,2.873777e+03,1.459011e+23,25.149,10.348,4.100,656.120361
2011.04.07_03:36:00_TAI,80.6,2.587349e+22,31.220,91.722,94.034,41.323,0.05800429,2.740637e+13,0.00376403,1429.583,144.975,1.020451e+13,2.866733e+03,1.466438e+23,25.069,10.296,4.058,654.696350
2011.04.07_03:48:00_TAI,80.8,2.600625e+22,31.024,92.346,94.573,41.621,0.01494894,2.753266e+13,0.00394733,1443.624,152.552,1.099128e+13,2.843518e+03,1.459472e+23,24.883,9.933,4.042,649.732483
2011.04.07_04:00:00_TAI,81.0,2.601429e+22,30.740,93.079,95.309,41.957,0.00440609,2.776799e+13,0.00412634,1456.831,157.969,1.130955e+13,2.836693e+03,1.442218e+23,24.730,9.315,4.120,652.781921
2011.04.07_04:12:00_TAI,81.2,2.609093e+22,30.678,93.396,95.417,42.104,-0.02599426,2.805203e+13,0.00392347,1478.658,150.124,1.009534e+13,2.854166e+03,1.450343e+23,24.805,9.090,4.080,652.970276
2011.04.07_04:24:00_TAI,81.4,2.605981e+22,30.782,93.059,95.344,41.945,-0.00968488,2.817153e+13,0.00427969,1477.592,162.855,1.129450e+13,2.861666e+03,1.446250e+23,25.156,9.589,4.066,653.756531
2011.04.07_04:36:00_TAI,81.6,2.621681e+22,31.147,93.327,95.231,42.217,-0.04314389,2.891833e+13,0.00457805,1508.553,176.282,1.202489e+13,2.875501e+03,1.470541e+23,25.475,9.967,4.041,653.007812
2011.04.07_04:48:00_TAI,81.8,2.627250e+22,31.043,94.298,96.524,42.529,-0.07292163,2.934496e+13,0.00473160,1522.098,181.580,1.209821e+13,2.925409e+03,1.491013e+23,25.535,9.800,4.062,659.398804
2011.04.07_05:00:00_TAI,82.0,2.590175e+22,30.843,95.779,98.179,43.216,-0.02256562,2.896464e+13,0.00505459,1526.380,188.147,1.189903e+13,2.978862e+03,1.472565e+23,25.398,9.376,4.104,668.720764
2011.04.07_05:12:00_TAI,82.2,2.565412e+22,30.741,96.105,98.479,43.343,-0.00024055,2.898130e+13,0.00531352,1534.816,194.374,1.318217e+13,2.995442e+03,1.455340e+23,25.431,9.564,4.064,665.131714
2011.04.07_05:24:00_TAI,82.4,2.501177e+22,30.423,97.833,99.942,43.674,-0.08190235,2.805691e+13,0.00545987,1509.452,191.685,1.299074e+13,3.036760e+03,1.415889e+23,25.278,9.645,4.129,665.497070
2011.04.07_05:36:00_TAI,82.6,2.440345e+22,30.432,99.572,101.904,44.482,-0.08615296,2.825958e+13,0.00646033,1532.424,218.314,1.446490e+13,3.116896e+03,1.398861e+23,25.216,9.617,4.080,668.976624
2011.04.07_05:48:00_TAI,82.8,2.407673e+22,30.232,100.374,102.897,44.967,-0.05039366,2.818417e+13,0.00658181,1540.650,218.602,1.512525e+13,3.113870e+03,1.373518e+23,25.061,9.261,4.108,670.020386
2011.04.07_06:24:00_TAI,83.4,2.319593e+22,29.923,100.083,102.626,44.325,-0.05800016,2.685231e+13,0.00632657,1473.077,203.627,1.351225e+13,3.030043e+03,1.295215e+23,24.500,8.668,4.076,670.050293
2011.04.07_06:36:00_TAI,83.6,2.325764e+22,29.837,99.868,102.252,44.347,-0.08009770,2.662259e+13,0.00623580,1457.378,202.670,1.386157e+13,2.946100e+03,1.271657e+23,24.340,8.276,4.039,670.674072
2011.04.07_06:48:00_TAI,83.8,2.341960e+22,29.741,98.477,101.038,44.005,-0.05930265,2.692805e+13,0.00565147,1456.090,187.567,1.217814e+13,2.881264e+03,1.269998e+23,24.329,7.795,4.024,669.385071
2011.04.07_07:00:00_TAI,84.0,2.356689e+22,30.073,98.611,100.740,44.104,0.01417326,2.667329e+13,0.00562533,1429.115,189.405,1.262684e+13,2.883095e+03,1.289221e+23,24.398,8.108,4.010,673.102966
2011.04.07_07:12:00_TAI,84.2,2.377147e+22,29.750,98.522,100.333,43.655,-0.06918085,2.666237e+13,0.00581377,1434.551,197.901,1.267477e+13,2.830696e+03,1.279737e+23,24.160,7.664,4.016,673.657898
2011.04.07_07:24:00_TAI,84.4,2.409173e+22,30.050,97.707,99.511,43.537,0.03495336,2.716985e+13,0.00402656,1418.964,141.638,9.869903e+12,2.799881e+03,1.308047e+23,24.408,8.113,4.034,674.548096
2011.04.07_07:36:00_TAI,84.6,2.433511e+22,30.380,96.594,98.412,43.222,0.03371581,2.757667e+13,0.00394683,1430.118,142.098,9.547365e+12,2.775511e+03,1.327071e+23,24.649,8.369,4.048,685.411865
2011.04.07_07:48:00_TAI,84.8,2.486380e+22,30.380,95.605,97.284,43.095,-0.00921081,2.891039e+13,0.00384276,1473.778,143.427,9.414822e+12,2.698719e+03,1.337735e+23,24.696,8.279,4.064,693.019165
2011.04.07_08:00:00_TAI,85.0,2.512088e+22,30.394,95.692,97.773,42.984,-0.01280170,2.918845e+13,0.00435401,1474.217,164.577,1.103465e+13,2.723260e+03,1.367078e+23,24.811,8.206,4.129,699.763916
2011.04.07_08:12:00_TAI,85.2,2.545462e+22,30.933,95.158,97.292,42.618,-0.03770702,2.991305e+13,0.00413272,1496.399,159.899,1.095978e+13,2.721357e+03,1.398325e+23,25.338,8.997,4.129,700.815125
2011.04.07_08:24:00_TAI,85.4,2.559385e+22,31.059,95.373,97.565,43.071,0.00058542,3.018196e+13,0.00427341,1507.603,165.826,1.123549e+13,2.775709e+03,1.430419e+23,25.599,9.244,4.136,696.038696
2011.04.07_08:36:00_TAI,85.6,2.601920e+22,30.825,94.192,96.017,42.752,0.02748250,3.059707e+13,0.00454895,1523.517,180.880,1.229630e+13,2.700681e+03,1.426221e+23,25.372,8.736,4.097,692.046692
2011.04.07_08:48:00_TAI,85.8,2.619223e+22,31.013,94.107,96.016,42.728,-0.01357648,3.129850e+13,0.00521514,1563.133,208.632,1.451341e+13,2.727304e+03,1.449046e+23,25.480,8.873,4.115,698.398315
2011.04.07_09:00:00_TAI,86.0,2.633110e+22,31.096,93.322,94.992,42.467,-0.01259877,3.134544e+13,0.00505894,1570.259,203.511,1.332812e+13,2.718271e+03,1.452261e+23,25.606,8.802,4.135,697.371704
2011.04.07_09:12:00_TAI,86.2,2.632823e+22,31.062,93.513,95.350,42.967,-0.03424465,3.221561e+13,0.00506310,1593.808,203.385,1.383317e+13,2.746208e+03,1.465107e+23,25.733,8.745,4.081,693.495422
2011.04.07_09:24:00_TAI,86.4,2.616159e+22,31.119,93.724,95.321,43.141,-0.02269026,3.192743e+13,0.00484698,1590.036,192.464,1.144583e+13,2.767319e+03,1.459391e+23,25.786,8.799,4.016,698.875854
2011.04.07_09:36:00_TAI,86.6,2.599795e+22,30.894,95.020,96.649,43.680,-0.06759492,3.217505e+13,0.00535434,1607.692,209.125,1.341975e+13,2.814886e+03,1.460140e+23,25.717,8.567,4.034,694.787781
2011.04.07_09:48:00_TAI,86.8,2.566646e+22,30.682,96.298,98.045,44.292,-0.10272054,3.224335e+13,0.00558898,1625.750,212.728,1.311753e+13,2.886575e+03,1.459145e+23,25.688,8.517,4.072,701.842773
2011.04.07_10:00:00_TAI,87.0,2.524870e+22,30.835,96.264,97.923,44.563,-0.09462722,3.160873e+13,0.00549828,1600.458,205.091,1.275003e+13,2.945468e+03,1.459225e+23,25.825,8.967,4.057,700.220520
2011.04.07_10:12:00_TAI,87.2,2.501663e+22,30.795,96.731,98.845,44.989,-0.07789261,3.165501e+13,0.00600391,1606.652,221.166,1.438048e+13,2.990267e+03,1.462953e+23,25.806,8.711,4.152,704.943237
2011.04.07_10:24:00_TAI,87.4,2.465756e+22,30.874,96.924,98.903,44.898,-0.09033565,3.108021e+13,0.00605840,1595.964,218.623,1.321044e+13,3.054422e+03,1.463836e+23,25.869,8.917,4.147,718.480713
2011.04.07_10:36:00_TAI,87.6,2.451112e+22,31.035,96.586,98.987,45.442,-0.10879650,3.183472e+13,0.00575009,1606.384,206.802,1.289178e+13,3.080456e+03,1.471362e+23,25.977,9.042,4.131,716.177185
2011.04.07_10:48:00_TAI,87.8,2.427612e+22,30.909,96.273,98.539,44.994,-0.09868926,3.088833e+13,0.00640149,1591.754,226.504,1.359568e+13,3.119918e+03,1.466056e+23,25.945,8.931,4.130,721.306519
2011.04.07_11:00:00_TAI,88.0,2.402695e+22,30.725,96.656,99.193,44.974,-0.09642257,3.033393e+13,0.00700775,1581.185,243.239,1.492157e+13,3.163211e+03,1.458169e+23,25.619,8.617,4.179,720.047058
2011.04.07_11:12:00_TAI,88.2,2.382978e+22,30.925,97.002,99.879,44.955,-0.12055858,3.086864e+13,0.00683123,1592.722,235.261,1.447277e+13,3.200441e+03,1.463813e+23,25.967,9.483,4.139,724.533630
2011.04.07_11:24:00_TAI,88.4,2.374157e+22,30.801,96.928,99.578,45.063,-0.09487294,3.035063e+13,0.00651383,1569.786,222.571,1.300685e+13,3.205264e+03,1.454568e+23,25.751,9.072,4.134,725.425659
2011.04.07_11:36:00_TAI,88.6,2.377866e+22,30.751,96.303,99.200,44.944,-0.05254051,3.051297e+13,0.00673161,1582.000,230.652,1.479075e+13,3.200734e+03,1.456465e+23,25.629,8.747,4.149,731.527283
2011.04.07_11:48:00_TAI,88.8,2.365612e+22,30.839,97.201,99.949,45.025,-0.14954744,2.994674e+13,0.00641259,1564.055,218.150,1.345132e+13,3.302906e+03,1.492299e+23,25.746,8.897,4.130,751.162292
2011.04.07_12:00:00_TAI,89.0,2.381001e+22,30.548,98.268,101.331,45.368,-0.08397143,3.044684e+13,0.00673754,1602.107,229.487,1.374997e+13,3.236511e+03,1.464149e+23,25.358,8.463,4.123,764.798523
2011.04.07_12:12:00_TAI,89.2,2.371612e+22,30.867,98.440,101.004,45.224,-0.13484642,2.967503e+13,0.00587769,1557.886,199.195,1.123766e+13,3.275108e+03,1.474129e+23,25.827,9.026,4.086,763.366638
2011.04.07_12:24:00_TAI,89.4,2.386137e+22,30.883,98.386,100.777,45.435,-0.17485279,3.014853e+13,0.00598559,1570.773,204.815,1.213263e+13,3.272930e+03,1.487362e+23,25.767,8.901,4.036,756.439026
2011.04.07_12:36:00_TAI,89.6,2.373458e+22,30.858,97.823,100.317,45.145,-0.14908266,2.985319e+13,0.00584175,1563.807,198.006,1.148660e+13,3.279195e+03,1.476143e+23,25.804,9.202,4.013,759.661133
2011.04.07_12:48:00_TAI,89.8,2.376734e+22,30.710,98.331,100.866,45.142,-0.09487171,3.003230e+13,0.00562210,1568.047,190.651,1.182223e+13,3.268882e+03,1.472195e+23,25.610,8.481,4.121,757.858948
2011.04.07_13:00:00_TAI,90.0,2.397793e+22,30.796,98.014,100.190,44.994,-0.13933682,3.036018e+13,0.00635175,1580.878,218.170,1.413022e+13,3.248981e+03,1.482044e+23,25.621,8.650,4.138,763.455566
2011.04.07_13:12:00_TAI,90.2,2.404423e+22,30.798,98.605,100.946,45.478,-0.11232027,3.074684e+13,0.00677435,1599.306,232.855,1.464827e+13,3.259144e+03,1.487763e+23,25.720,8.661,4.146,767.081116
2011.04.07_13:24:00_TAI,90.4,2.419956e+22,30.969,98.202,100.428,45.539,-0.11578697,3.117627e+13,0.00642921,1614.524,223.762,1.381354e+13,3.263747e+03,1.508588e+23,25.947,9.249,4.138,769.344727
2011.04.07_13:36:00_TAI,90.6,2.419065e+22,31.096,98.408,100.751,45.914,-0.10095797,3.156056e+13,0.00626460,1624.955,217.858,1.367492e+13,3.268847e+03,1.509687e+23,25.981,8.883,4.193,768.488831
2011.04.07_13:48:00_TAI,90.8,2.404868e+22,31.101,98.650,100.984,45.937,-0.10523732,3.087240e+13,0.00638104,1605.191,218.901,1.425827e+13,3.292730e+03,1.500164e+23,25.925,8.966,4.155,765.837097
2011.04.07_14:00:00_TAI,91.0,2.427113e+22,31.148,97.804,100.158,45.509,-0.14012876,3.114890e+13,0.00628662,1615.024,219.001,1.296828e+13,3.229618e+03,1.494271e+23,26.123,9.099,4.101,758.101990
2011.04.07_14:12:00_TAI,91.2,2.457313e+22,31.399,97.694,99.715,45.582,-0.07676802,3.177688e+13,0.00634044,1629.730,226.056,1.446034e+13,3.197033e+03,1.513968e+23,26.267,9.252,4.128,754.972046
2011.04.07_14:24:00_TAI,91.4,2.465506e+22,31.542,98.071,100.085,45.853,-0.07639473,3.234945e+13,0.00645918,1660.497,231.949,1.387069e+13,3.233958e+03,1.542277e+23,26.462,9.557,4.188,763.700500
2011.04.07_14:36:00_TAI,91.6,2.490743e+22,31.692,97.803,99.757,45.379,-0.09946111,3.224087e+13,0.00931778,1659.497,339.456,2.042610e+13,3.223479e+03,1.559582e+23,26.661,9.827,4.192,762.819641
2011.04.07_14:48:00_TAI,91.8,2.527000e+22,32.101,97.294,99.479,45.220,-0.15161191,3.280216e+13,0.00922675,1662.635,346.049,2.125239e+13,3.196811e+03,1.592362e+23,26.938,9.854,4.244,771.808838
2011.04.07_15:00:00_TAI,92.0,2.528537e+22,32.294,96.764,98.667,45.441,-0.06754638,3.364887e+13,0.00664917,1644.672,250.973,1.493028e+13,3.146181e+03,1.577212e+23,27.080,9.926,4.262,771.194031
2011.04.07_15:12:00_TAI,92.2,2.558019e+22,32.415,96.676,98.548,45.430,-0.09734931,3.344946e+13,0.00876920,1672.725,337.123,2.068983e+13,3.173492e+03,1.620279e+23,27.235,10.077,4.226,771.124268
2011.04.07_15:24:00_TAI,92.4,2.587010e+22,32.299,95.508,97.143,44.435,-0.05741367,3.340248e+13,0.00847222,1654.612,332.772,2.067725e+13,3.082406e+03,1.607955e+23,26.999,9.791,4.244,767.800232
2011.04.07_15:36:00_TAI,92.6,2.602551e+22,32.344,95.163,96.180,44.625,-0.02403051,3.343058e+13,0.00790564,1638.892,314.518,1.985804e+13,3.050138e+03,1.611619e+23,26.992,9.971,4.190,769.808228
2011.04.07_15:48:00_TAI,92.8,2.598497e+22,32.434,95.220,96.236,44.441,-0.02641659,3.266916e+13,0.00789469,1624.272,313.956,1.983730e+13,3.043352e+03,1.607347e+23,27.154,10.053,4.147,760.773132
2011.04.07_16:00:00_TAI,93.0,2.601258e+22,32.303,94.552,95.538,44.335,-0.01782683,3.297239e+13,0.00803092,1624.726,322.201,2.127701e+13,3.015448e+03,1.606665e+23,26.889,9.858,4.208,766.549561
2011.04.07_16:12:00_TAI,93.2,2.583123e+22,32.128,94.510,95.680,43.849,-0.03786228,3.210697e+13,0.00771659,1594.418,307.228,1.879099e+13,2.945911e+03,1.557683e+23,26.644,9.660,4.145,774.284729
2011.04.07_16:24:00_TAI,93.4,2.578455e+22,32.162,94.214,95.318,43.591,0.00775050,3.132903e+13,0.00771071,1555.967,307.395,1.957610e+13,2.904366e+03,1.537683e+23,26.590,9.793,4.163,779.284180
2011.04.07_16:36:00_TAI,93.6,2.565266e+22,32.040,94.769,95.726,43.494,-0.07937670,3.100377e+13,0.00768184,1548.571,303.779,1.950873e+13,2.873719e+03,1.509244e+23,26.478,9.849,4.158,782.793335
2011.04.07_16:48:00_TAI,93.8,2.526265e+22,31.918,95.664,96.893,43.826,-0.03678192,3.027500e+13,0.00769830,1531.629,296.877,1.761955e+13,2.890780e+03,1.480504e+23,26.265,9.566,4.128,780.371704
2011.04.07_17:00:00_TAI,94.0,2.512421e+22,31.749,96.162,97.209,44.283,-0.07188648,2.998384e+13,0.00787459,1527.102,300.912,1.862081e+13,2.899830e+03,1.471660e+23,26.067,9.491,4.108,784.500305
2011.04.07_17:12:00_TAI,94.2,2.469117e+22,31.787,96.780,98.309,44.485,-0.03626519,2.935844e+13,0.00798552,1518.113,296.902,1.792288e+13,2.966233e+03,1.464628e+23,26.155,9.683,4.096,785.343811
2011.04.07_17:24:00_TAI,94.4,2.431154e+22,31.709,98.571,100.121,45.253,-0.13535646,2.898389e+13,0.00795344,1508.093,287.724,1.807369e+13,3.011732e+03,1.446977e+23,25.935,9.454,4.132,785.355042
2011.04.07_17:36:00_TAI,94.6,2.412452e+22,31.541,99.865,101.415,45.626,-0.09110625,2.937948e+13,0.00840501,1541.452,299.748,1.885199e+13,3.029610e+03,1.434885e+23,25.844,9.293,4.095,785.186768
2011.04.07_17:48:00_TAI,94.8,2.379039e+22,31.340,100.817,102.432,46.117,-0.10469337,2.857209e+13,0.00840393,1520.829,290.137,1.808048e+13,3.102361e+03,1.422496e+23,25.661,9.173,4.060,786.629272
2011.04.07_18:24:00_TAI,95.4,2.332947e+22,31.381,104.128,106.585,47.743,-0.15528981,2.882961e+13,0.00948182,1568.563,310.881,1.894899e+13,3.298114e+03,1.436084e+23,25.825,9.324,4.160,790.022034
2011.04.07_18:36:00_TAI,95.6,2.328614e+22,31.232,104.530,107.085,48.080,-0.17097493,2.894570e+13,0.00972134,1578.798,315.302,1.961082e+13,3.325263e+03,1.432316e+23,25.771,9.102,4.184,793.110535
2011.04.07_18:48:00_TAI,95.8,2.323823e+22,31.377,104.731,107.422,48.364,-0.18879488,2.917898e+13,0.01003371,1595.880,322.825,1.926524e+13,3.416954e+03,1.460104e+23,26.025,9.554,4.237,798.354980
2011.04.07_19:00:00_TAI,96.0,2.354211e+22,31.282,105.290,107.947,48.543,-0.12046487,2.983298e+13,0.01062880,1625.162,345.585,2.106678e+13,3.387533e+03,1.462739e+23,26.081,9.461,4.171,790.619019
2011.04.07_19:12:00_TAI,96.2,2.404626e+22,31.335,105.782,108.319,49.027,-0.09433959,3.057117e+13,0.00979412,1646.492,325.468,1.950846e+13,3.378930e+03,1.491198e+23,26.171,9.208,4.072,786.043579
2011.04.07_19:24:00_TAI,96.4,2.454058e+22,31.732,104.969,107.312,48.456,-0.05412538,3.110218e+13,0.00966452,1657.453,332.179,2.072138e+13,3.350771e+03,1.529545e+23,26.490,9.761,4.105,785.172363
2011.04.07_19:36:00_TAI,96.6,2.495908e+22,31.898,103.665,105.991,48.097,-0.01562033,3.150481e+13,0.00915082,1660.139,324.159,1.988700e+13,3.296172e+03,1.550672e+23,26.773,10.123,4.086,783.050720
2011.04.07_19:48:00_TAI,96.8,2.551438e+22,32.069,103.198,105.232,47.551,0.01596393,3.191228e+13,0.00830872,1661.527,305.877,1.947695e+13,3.220956e+03,1.574789e+23,27.026,10.569,4.112,779.186890
2011.04.07_20:00:00_TAI,97.0,2.581170e+22,32.009,102.065,104.053,46.863,0.00774977,3.193862e+13,0.00759061,1656.716,285.475,1.652971e+13,3.153491e+03,1.575056e+23,26.918,10.388,4.134,782.249023
2011.04.07_20:12:00_TAI,97.2,2.612757e+22,31.916,100.778,102.904,46.061,0.02164426,3.205998e+13,0.00778636,1645.264,300.118,1.783687e+13,3.087148e+03,1.580295e+23,26.815,10.147,4.159,787.566040
2011.04.07_20:24:00_TAI,97.4,2.598061e+22,32.130,101.146,103.149,46.491,0.00363171,3.167196e+13,0.00745789,1613.677,286.823,1.724050e+13,3.091657e+03,1.579072e+23,26.804,10.341,4.142,799.221497
2011.04.07_20:36:00_TAI,97.6,2.604356e+22,32.016,99.774,101.513,45.844,0.04643432,3.166493e+13,0.00707898,1604.486,275.358,1.645572e+13,3.003734e+03,1.551717e+23,26.634,10.160,4.123,807.658264
2011.04.07_20:48:00_TAI,97.8,2.593763e+22,31.806,99.507,101.201,45.432,0.01407157,3.070129e+13,0.00672786,1573.635,260.557,1.532177e+13,2.955847e+03,1.520267e+23,26.274,9.549,4.136,806.245789
2011.04.07_21:00:00_TAI,98.0,2.556982e+22,31.733,100.191,101.765,45.687,0.03033627,2.979147e+13,0.00676041,1532.011,256.605,1.514351e+13,2.978648e+03,1.501534e+23,26.124,9.658,4.063,809.676758
2011.04.07_21:12:00_TAI,98.2,2.554505e+22,31.835,99.851,101.318,45.113,0.00929458,2.998641e+13,0.00650691,1545.003,248.518,1.444480e+13,2.983257e+03,1.513168e+23,26.317,10.203,4.129,813.453674
2011.04.07_21:24:00_TAI,98.4,2.551186e+22,31.667,100.225,101.871,45.096,0.04725970,2.990224e+13,0.00654943,1555.641,249.245,1.446518e+13,2.976664e+03,1.504408e+23,26.223,10.022,4.073,811.669800
2011.04.07_21:36:00_TAI,98.6,2.534866e+22,31.349,101.508,103.200,45.175,0.00050569,2.961550e+13,0.00641315,1546.042,240.679,1.452761e+13,2.939293e+03,1.464949e+23,25.746,9.358,4.079,815.992676
2011.04.07_21:48:00_TAI,98.8,2.519914e+22,31.330,102.594,104.477,45.731,-0.02139759,2.957877e+13,0.00654897,1539.316,243.563,1.482506e+13,2.951042e+03,1.457558e+23,25.772,9.150,4.130,819.481995
2011.04.07_22:00:00_TAI,99.0,2.484513e+22,31.414,104.135,106.376,46.677,-0.02854235,2.952890e+13,0.00723935,1553.369,262.723,1.672273e+13,3.042829e+03,1.466524e+23,25.812,9.333,4.147,814.392700
2011.04.07_22:12:00_TAI,99.2,2.475920e+22,31.331,104.703,106.939,46.884,-0.01770971,2.948864e+13,0.00772015,1556.187,277.385,1.729227e+13,3.050982e+03,1.455866e+23,25.647,9.215,4.125,813.295898
2011.04.07_22:24:00_TAI,99.4,2.476077e+22,31.307,105.023,107.039,46.885,-0.11283347,2.948507e+13,0.00690319,1544.114,248.439,1.574500e+13,3.042256e+03,1.454046e+23,25.737,9.075,4.132,814.972839
2011.04.07_22:36:00_TAI,99.6,2.463351e+22,31.330,105.361,107.267,47.270,-0.06305271,2.896663e+13,0.00647581,1527.214,230.390,1.457601e+13,3.108383e+03,1.468685e+23,25.756,9.104,4.072,819.147034
2011.04.07_22:48:00_TAI,99.8,2.447666e+22,31.457,105.639,107.647,47.211,-0.07869553,2.915978e+13,0.00690363,1544.936,243.532,1.557433e+13,3.105100e+03,1.454680e+23,25.826,9.105,4.141,827.766846
2011.04.07_23:00:00_TAI,100.0,2.448553e+22,31.270,106.522,108.561,47.731,-0.04367562,2.939638e+13,0.00702641,1556.124,247.351,1.581673e+13,3.098332e+03,1.448506e+23,25.686,8.817,4.124,819.750671
2011.04.07_23:12:00_TAI,100.2,2.436505e+22,31.289,106.868,108.834,48.331,-0.07092508,2.958215e+13,0.00715916,1569.916,249.253,1.542991e+13,3.171430e+03,1.466380e+23,25.737,8.915,4.054,822.230896
2011.04.07_23:24:00_TAI,100.4,2.408810e+22,31.358,107.397,109.350,48.288,-0.10176409,2.912881e+13,0.00733789,1553.172,251.125,1.395390e+13,3.209668e+03,1.458826e+23,26.007,9.295,4.125,821.278625
2011.04.07_23:36:00_TAI,100.6,2.412226e+22,31.512,108.222,109.996,48.458,-0.12067878,2.978325e+13,0.00753358,1584.915,258.311,1.532957e+13,3.219747e+03,1.466186e+23,26.071,9.408,4.094,823.834900
2011.04.07_23:48:00_TAI,100.8,2.397176e+22,31.563,108.550,110.288,48.656,-0.02310965,2.957936e+13,0.00781553,1581.641,265.853,1.453195e+13,3.243667e+03,1.465362e+23,26.200,9.322,4.066,826.458313
2011.04.08_00:00:00_TAI,101.0,2.437362e+22,31.709,108.146,109.926,48.437,-0.12416886,3.065976e+13,0.00721938,1610.003,253.754,1.385790e+13,3.172171e+03,1.480751e+23,26.336,9.548,4.045,835.407166
2011.04.08_00:12:00_TAI,101.2,2.404564e+22,31.584,108.773,110.847,48.795,-0.06619944,2.977088e+13,0.00743493,1577.486,254.661,1.368065e+13,3.252639e+03,1.479567e+23,26.276,9.515,3.969,827.814758
2011.04.08_00:24:00_TAI,101.4,2.418352e+22,31.744,109.012,110.856,49.119,-0.04800826,3.045319e+13,0.00729847,1611.461,252.016,1.347118e+13,3.324175e+03,1.524380e+23,26.562,9.948,4.040,827.701355
2011.04.08_00:36:00_TAI,101.6,2.412029e+22,31.650,109.769,111.849,49.352,-0.07026903,3.087591e+13,0.00770392,1630.948,265.970,1.471047e+13,3.344124e+03,1.533261e+23,26.583,10.008,4.097,826.858459
2011.04.08_00:48:00_TAI,101.8,2.410659e+22,31.679,110.043,111.946,49.725,-0.12403218,3.056092e+13,0.00729458,1606.001,250.992,1.370835e+13,3.347581e+03,1.529689e+23,26.649,10.134,4.066,833.310059
2011.04.08_01:00:00_TAI,102.0,2.390918e+22,31.603,109.894,111.949,49.515,-0.02164190,3.055138e+13,0.00729450,1593.176,249.151,1.429611e+13,3.322070e+03,1.506958e+23,26.562,9.913,4.060,827.610962
2011.04.08_01:12:00_TAI,102.2,2.395183e+22,31.490,110.100,112.333,49.141,-0.01722851,2.982396e+13,0.00722840,1567.798,246.337,1.376294e+13,3.306922e+03,1.496749e+23,26.311,9.501,4.064,828.828491
2011.04.08_01:24:00_TAI,102.4,2.391817e+22,31.481,110.094,112.320,49.281,0.01536833,3.015766e+13,0.00709137,1584.311,241.475,1.398303e+13,3.297635e+03,1.491319e+23,26.238,9.500,4.043,830.029785
2011.04.08_01:36:00_TAI,102.6,2.397177e+22,31.596,109.557,111.615,49.076,-0.05703327,3.005790e+13,0.00676635,1585.910,232.762,1.292385e+13,3.272464e+03,1.495016e+23,26.271,9.302,4.088,830.006104
2011.04.08_01:48:00_TAI,102.8,2.387583e+22,31.417,110.398,112.525,49.580,-0.07788163,2.938401e+13,0.00706774,1557.357,240.459,1.411689e+13,3.313567e+03,1.497204e+23,26.124,9.261,4.031,836.027588
2011.04.08_02:00:00_TAI,103.0,2.385219e+22,31.519,109.823,111.693,49.200,-0.05828542,2.919162e+13,0.00687256,1547.319,234.238,1.342333e+13,3.289278e+03,1.488893e+23,26.183,9.433,4.048,832.435425
2011.04.08_02:12:00_TAI,103.2,2.408141e+22,31.396,109.262,111.186,49.192,-0.08143320,2.991518e+13,0.00619306,1582.595,214.658,1.143360e+13,3.209573e+03,1.477495e+23,25.957,9.041,4.101,832.165161
2011.04.08_02:24:00_TAI,103.4,2.418272e+22,31.531,108.225,110.031,48.660,-0.10167603,2.983156e+13,0.00588470,1576.872,205.670,1.129242e+13,3.223391e+03,1.496227e+23,25.996,9.227,4.157,830.207520
2011.04.08_02:36:00_TAI,103.6,2.408163e+22,31.842,107.718,109.282,48.494,-0.05340334,2.977067e+13,0.00607087,1559.176,213.142,1.248125e+13,3.191287e+03,1.488022e+23,26.278,9.590,4.063,831.980408
2011.04.08_02:48:00_TAI,103.8,2.414368e+22,31.834,107.123,108.594,48.259,0.02499816,2.947418e+13,0.00521840,1542.419,184.642,1.087546e+13,3.188635e+03,1.498346e+23,26.220,9.533,4.006,834.248657
2011.04.08_03:00:00_TAI,104.0,2.404346e+22,31.719,106.795,108.659,47.657,-0.01858852,2.909435e+13,0.00478548,1538.355,168.592,1.016613e+13,3.162969e+03,1.479859e+23,26.160,9.191,4.042,836.981995
2011.04.08_03:12:00_TAI,104.2,2.421107e+22,32.241,105.450,106.928,47.282,-0.05049067,2.944381e+13,0.00484781,1545.168,174.148,1.104122e+13,3.132300e+03,1.494420e+23,26.513,10.132,4.024,840.896790
2011.04.08_03:24:00_TAI,104.4,2.431615e+22,32.036,105.290,106.877,47.079,-0.04972127,2.928627e+13,0.00467249,1527.027,169.009,1.091849e+13,3.091678e+03,1.485181e+23,26.340,9.684,4.046,837.059814
2011.04.08_03:36:00_TAI,104.6,2.459827e+22,32.035,104.527,106.320,46.638,0.00226319,2.942167e+13,0.00473889,1533.590,174.543,1.150197e+13,3.070556e+03,1.501948e+23,26.357,9.440,4.044,836.735413
2011.04.08_03:48:00_TAI,104.8,2.449329e+22,32.285,104.228,106.151,46.349,-0.02532655,2.955065e+13,0.00474940,1530.354,174.916,1.105706e+13,3.052426e+03,1.493040e+23,26.510,9.544,3.853,829.017761
2011.04.08_04:00:00_TAI,105.0,2.452193e+22,32.556,103.622,105.495,46.257,0.02044279,2.996742e+13,0.00469799,1533.872,174.136,1.053419e+13,3.097724e+03,1.524863e+23,26.905,10.147,4.011,840.790771
2011.04.08_04:12:00_TAI,105.2,2.486543e+22,33.032,102.730,104.162,46.326,-0.00027849,3.081450e+13,0.00503508,1554.858,192.899,1.181650e+13,3.056578e+03,1.555188e+23,27.285,10.459,4.029,838.906555
2011.04.08_04:24:00_TAI,105.4,2.460934e+22,33.086,102.367,103.976,46.509,0.00968200,3.020999e+13,0.00532824,1536.541,200.001,1.256154e+13,3.104584e+03,1.547660e+23,27.314,10.669,4.043,845.826233
2011.04.08_04:36:00_TAI,105.6,2.463108e+22,33.087,103.303,105.269,46.694,0.01467248,3.052110e+13,0.00527505,1539.939,197.761,1.252015e+13,3.139084e+03,1.562899e+23,27.564,10.776,4.084,843.333984
2011.04.08_04:48:00_TAI,105.8,2.476704e+22,33.246,104.208,105.893,47.380,0.03000874,3.138234e+13,0.00499225,1581.472,187.853,1.140043e+13,3.168805e+03,1.583547e+23,27.676,10.989,4.066,843.449463
2011.04.08_05:00:00_TAI,106.0,2.483887e+22,33.305,105.114,106.900,47.822,0.06303357,3.259974e+13,0.00504286,1626.599,189.849,1.098355e+13,3.201590e+03,1.600696e+23,27.771,11.074,4.074,852.220032
2011.04.08_05:12:00_TAI,106.2,2.447077e+22,33.644,106.170,107.840,48.776,0.00665503,3.249840e+13,0.00491683,1628.575,180.753,9.536540e+12,3.288301e+03,1.605443e+23,28.086,11.588,4.099,857.318542
2011.04.08_05:24:00_TAI,106.4,2.415564e+22,34.076,107.471,109.330,49.666,0.04930249,3.299477e+13,0.00564732,1650.332,204.280,1.299484e+13,3.362840e+03,1.615486e+23,28.452,12.164,4.064,861.354553
2011.04.08_05:36:00_TAI,106.6,2.362567e+22,34.092,109.216,111.058,50.310,0.02609747,3.247333e+13,0.00560494,1645.056,195.310,1.112060e+13,3.437991e+03,1.591001e+23,28.503,12.415,4.030,857.005310
2011.04.08_05:48:00_TAI,106.8,2.308529e+22,34.125,109.934,112.335,50.402,0.03952733,3.209328e+13,0.00632817,1639.982,213.114,1.293984e+13,3.462453e+03,1.548613e+23,28.290,11.937,4.009,852.510010
2011.04.08_06:24:00_TAI,107.4,2.193289e+22,33.391,112.136,115.048,50.700,0.05620759,3.027759e+13,0.00576650,1595.316,179.615,1.045256e+13,3.515290e+03,1.454179e+23,27.240,11.288,4.005,873.848022
2011.04.08_06:36:00_TAI,107.6,2.174234e+22,32.955,113.965,116.864,51.051,0.03662026,2.942725e+13,0.00554909,1567.806,170.119,1.107693e+13,3.473045e+03,1.414057e+23,26.859,10.376,4.010,868.763000
2011.04.08_06:48:00_TAI,107.8,2.180996e+22,32.953,114.291,116.996,51.319,0.06147172,2.945483e+13,0.00495885,1560.873,153.576,9.423018e+12,3.440734e+03,1.415204e+23,26.863,10.235,3.957,874.614929
2011.04.08_07:00:00_TAI,108.0,2.185404e+22,33.077,113.594,115.984,50.999,-0.02046261,2.914807e+13,0.00399043,1531.245,125.172,7.331795e+12,3.409249e+03,1.420273e+23,26.946,10.418,3.914,881.938538
2011.04.08_07:12:00_TAI,108.2,2.210042e+22,33.506,112.913,114.951,51.236,0.05842061,2.920332e+13,0.00412857,1526.804,132.762,8.774238e+12,3.327041e+03,1.420888e+23,26.977,10.542,3.852,891.960388
2011.04.08_07:24:00_TAI,108.4,2.242844e+22,33.453,113.048,114.937,51.493,0.03310892,2.979416e+13,0.00442091,1534.403,145.549,9.304406e+12,3.300460e+03,1.443067e+23,27.146,10.725,3.978,890.136536
2011.04.08_07:36:00_TAI,108.6,2.257725e+22,33.588,111.955,113.631,51.202,0.04164113,3.001814e+13,0.00423828,1531.267,142.105,9.730313e+12,3.284817e+03,1.462751e+23,27.369,11.008,3.970,894.630371
2011.04.08_07:48:00_TAI,108.8,2.302547e+22,33.748,109.997,111.379,50.742,0.03584316,3.060277e+13,0.00331473,1539.274,115.336,8.506953e+12,3.213275e+03,1.484875e+23,27.275,10.803,4.040,903.273621
2011.04.08_08:00:00_TAI,109.0,2.326511e+22,33.660,109.195,110.437,50.424,0.00902438,3.108141e+13,0.00300690,1554.215,107.076,7.268103e+12,3.176822e+03,1.502414e+23,27.427,10.893,3.945,897.484985
2011.04.08_08:12:00_TAI,109.2,2.338817e+22,33.571,109.101,110.011,50.807,0.06722380,3.115321e+13,0.00279263,1541.641,100.367,7.687326e+12,3.164353e+03,1.510343e+23,27.326,10.556,3.898,899.476685
2011.04.08_08:24:00_TAI,109.4,2.358138e+22,33.746,108.343,109.375,50.730,0.07044412,3.205447e+13,0.00279150,1561.897,101.868,6.833829e+12,3.162896e+03,1.532876e+23,27.533,10.840,3.877,896.515137
2011.04.08_08:36:00_TAI,109.6,2.373632e+22,33.869,107.818,109.151,50.399,0.11122652,3.216043e+13,0.00265067,1562.061,97.950,8.278664e+12,3.137503e+03,1.539778e+23,27.637,11.041,3.949,896.756470
2011.04.08_08:48:00_TAI,109.8,2.392051e+22,34.075,106.768,108.044,50.050,0.10573915,3.252775e+13,0.00267297,1572.829,100.309,7.533282e+12,3.108992e+03,1.549486e+23,27.953,11.562,4.038,901.394531
2011.04.08_09:00:00_TAI,110.0,2.406680e+22,34.404,105.999,107.109,49.916,0.11372225,3.379523e+13,0.00241146,1606.830,92.132,7.168681e+12,3.102901e+03,1.574389e+23,28.287,12.079,4.040,902.510071
2011.04.08_09:12:00_TAI,110.2,2.398829e+22,34.452,105.925,107.146,49.611,0.09097935,3.405511e+13,0.00272399,1626.331,103.198,7.371958e+12,3.144028e+03,1.581854e+23,28.446,12.047,3.973,904.953064
2011.04.08_09:24:00_TAI,110.4,2.395853e+22,34.354,105.864,106.847,49.687,0.01451413,3.398987e+13,0.00222355,1615.758,84.264,5.276883e+12,3.129985e+03,1.575245e+23,28.598,12.157,4.023,900.088013
2011.04.08_09:36:00_TAI,110.6,2.382511e+22,34.588,105.772,106.672,49.628,0.00480592,3.420406e+13,0.00212311,1614.328,80.203,4.975265e+12,3.140025e+03,1.575335e+23,28.864,12.640,4.022,898.004517
2011.04.08_09:48:00_TAI,110.8,2.365620e+22,34.392,106.614,107.667,49.969,0.10377442,3.378793e+13,0.00288246,1606.185,107.014,7.611772e+12,3.175622e+03,1.565740e+23,28.545,12.218,4.041,896.520996
2011.04.08_10:00:00_TAI,111.0,2.352598e+22,34.432,106.908,107.848,50.036,-0.00984620,3.420016e+13,0.00259663,1631.702,95.836,6.964471e+12,3.223999e+03,1.580344e+23,28.677,12.338,4.031,905.646179
2011.04.08_10:12:00_TAI,111.2,2.330089e+22,34.161,107.030,108.106,49.884,-0.02327619,3.310101e+13,0.00243786,1604.441,88.263,6.348212e+12,3.242423e+03,1.559060e+23,28.454,12.064,4.084,914.416382
2011.04.08_10:24:00_TAI,111.4,2.296956e+22,34.570,107.065,108.271,50.041,-0.04893511,3.349614e+13,0.00245825,1609.102,87.991,6.854626e+12,3.293845e+03,1.565807e+23,28.878,12.708,4.063,910.191833
2011.04.08_10:36:00_TAI,111.6,2.272055e+22,34.824,106.764,108.076,50.240,0.09756523,3.357077e+13,0.00226938,1606.416,80.490,5.671693e+12,3.296187e+03,1.552649e+23,29.117,13.172,4.051,910.949463
2011.04.08_10:48:00_TAI,111.8,2.246859e+22,34.548,106.802,108.269,49.967,0.13106264,3.259272e+13,0.00243645,1587.537,84.732,6.987206e+12,3.283691e+03,1.516586e+23,28.661,12.422,4.052,913.755920
2011.04.08_11:00:00_TAI,112.0,2.225746e+22,34.547,107.094,108.680,50.409,0.13767347,3.255701e+13,0.00212293,1588.125,72.986,6.286066e+12,3.342479e+03,1.526115e+23,28.806,12.600,4.088,918.721741
2011.04.08_11:12:00_TAI,112.2,2.194548e+22,34.325,107.357,109.177,50.467,0.14503555,3.199613e+13,0.00218608,1578.065,73.286,6.839720e+12,3.322878e+03,1.479434e+23,28.540,12.418,4.075,909.736267
2011.04.08_11:24:00_TAI,112.4,2.165765e+22,34.284,108.266,109.966,50.430,0.16748452,3.148956e+13,0.00241775,1566.248,79.510,6.450229e+12,3.364250e+03,1.469305e+23,28.607,12.543,4.075,907.297729
2011.04.08_11:36:00_TAI,112.6,2.158496e+22,34.254,108.761,110.703,50.630,0.17808181,3.159147e+13,0.00206156,1573.002,67.432,5.708184e+12,3.353777e+03,1.456937e+23,28.467,12.406,4.081,908.095459
2011.04.08_11:48:00_TAI,112.8,2.152084e+22,34.574,107.670,109.514,49.785,0.14165327,3.137767e+13,0.00239629,1544.475,79.116,7.271529e+12,3.312079e+03,1.452325e+23,28.691,12.823,4.022,908.223145
2011.04.08_12:00:00_TAI,113.0,2.138906e+22,34.622,107.040,109.047,49.648,0.12332218,3.157007e+13,0.00223458,1548.781,73.623,7.058786e+12,3.283794e+03,1.436870e+23,28.653,12.969,4.091,918.354919
2011.04.08_12:12:00_TAI,113.2,2.115438e+22,34.590,107.905,109.751,50.324,0.12640092,3.086889e+13,0.00228584,1523.903,74.089,6.703244e+12,3.309123e+03,1.424442e+23,28.485,12.532,4.114,907.539490
2011.04.08_12:24:00_TAI,113.4,2.101722e+22,34.115,109.518,111.429,50.600,0.15149586,3.055774e+13,0.00258756,1510.619,82.409,7.093520e+12,3.304536e+03,1.397716e+23,28.344,12.013,4.020,910.215454
2011.04.08_12:36:00_TAI,113.6,2.103243e+22,34.464,108.242,109.813,50.296,0.01512668,3.094326e+13,0.00309397,1526.810,99.616,7.996661e+12,3.320650e+03,1.419878e+23,28.673,12.691,4.080,915.626526
2011.04.08_12:48:00_TAI,113.8,2.102890e+22,34.547,109.005,110.643,50.654,0.09029447,3.098183e+13,0.00302997,1527.179,97.377,7.546215e+12,3.295183e+03,1.406406e+23,28.561,12.739,3.986,923.813721
2011.04.08_13:00:00_TAI,114.0,2.115620e+22,34.306,108.939,110.302,50.538,0.20662764,3.128599e+13,0.00290231,1533.420,94.142,7.937922e+12,3.255079e+03,1.402259e+23,28.410,12.159,3.952,925.181641
2011.04.08_13:12:00_TAI,114.2,2.126871e+22,34.828,108.173,109.593,50.490,0.12211438,3.181078e+13,0.00286404,1543.461,94.476,7.757976e+12,3.270593e+03,1.432831e+23,28.862,12.999,4.023,926.260254
2011.04.08_13:24:00_TAI,114.4,2.119469e+22,34.743,108.315,109.802,50.638,0.13543218,3.141742e+13,0.00289134,1540.312,94.272,8.099695e+12,3.317406e+03,1.436555e+23,28.780,12.853,3.864,924.980835
2011.04.08_13:36:00_TAI,114.6,2.127296e+22,34.250,108.601,110.220,50.545,0.14327879,3.149755e+13,0.00264492,1553.347,86.037,7.819625e+12,3.279741e+03,1.416890e+23,28.380,12.275,3.840,930.769958
2011.04.08_13:48:00_TAI,114.8,2.131933e+22,34.673,108.331,110.088,50.476,0.18776627,3.135429e+13,0.00261630,1528.660,86.312,7.251010e+12,3.257997e+03,1.427399e+23,28.636,12.534,3.893,919.264343
2011.04.08_14:00:00_TAI,115.0,2.166138e+22,35.043,107.821,109.623,50.681,0.11315607,3.258288e+13,0.00322759,1569.430,109.587,9.127838e+12,3.250921e+03,1.465876e+23,29.104,13.186,3.890,928.254211
2011.04.08_14:12:00_TAI,115.2,2.181339e+22,35.376,107.127,108.655,50.370,0.12734635,3.247240e+13,0.00329491,1553.560,113.872,1.012263e+13,3.199796e+03,1.468660e+23,29.259,13.689,3.816,929.819580
2011.04.08_14:24:00_TAI,115.4,2.213267e+22,35.154,106.519,107.879,49.904,0.05261419,3.291586e+13,0.00337538,1562.208,119.023,1.130268e+13,3.110040e+03,1.456416e+23,29.062,13.059,3.929,922.583801
2011.04.08_14:36:00_TAI,115.6,2.220883e+22,35.567,107.005,108.366,50.169,0.12980485,3.329454e+13,0.00361893,1568.608,128.685,1.061984e+13,3.147760e+03,1.486538e+23,29.447,13.737,3.877,935.508057
2011.04.08_14:48:00_TAI,115.8,2.238961e+22,35.285,106.788,107.961,50.152,0.14547522,3.327167e+13,0.00362842,1566.415,130.645,1.008280e+13,3.061015e+03,1.463825e+23,29.105,13.122,3.797,931.749939
2011.04.08_15:00:00_TAI,116.0,2.249985e+22,35.291,106.895,108.084,50.046,0.14243014,3.315758e+13,0.00340311,1553.986,123.656,9.809052e+12,3.030373e+03,1.462331e+23,29.143,13.089,3.915,930.167175
2011.04.08_15:12:00_TAI,116.2,2.263709e+22,35.179,105.893,106.716,49.808,0.09421731,3.305599e+13,0.00311534,1540.824,114.532,8.793500e+12,2.997030e+03,1.463276e+23,29.138,13.021,3.866,928.743958
2011.04.08_15:24:00_TAI,116.4,2.273850e+22,35.431,105.749,106.526,49.908,0.05814444,3.307414e+13,0.00290938,1531.271,108.447,9.564846e+12,2.965848e+03,1.468258e+23,29.121,13.105,3.941,931.765076
2011.04.08_15:36:00_TAI,116.6,2.266700e+22,35.367,105.937,106.576,50.304,0.13227393,3.295792e+13,0.00291344,1539.277,108.092,8.889246e+12,2.947005e+03,1.452081e+23,29.044,12.821,3.966,938.753845
2011.04.08_15:48:00_TAI,116.8,2.264509e+22,35.253,105.960,106.318,49.987,0.14187415,3.240403e+13,0.00295044,1515.181,109.379,9.367177e+12,2.909372e+03,1.432456e+23,28.897,12.435,3.909,944.126404
2011.04.08_16:00:00_TAI,117.0,2.259186e+22,35.293,106.728,107.074,50.279,0.21938436,3.260152e+13,0.00349383,1517.052,129.370,1.160117e+13,2.930846e+03,1.441277e+23,29.035,12.855,3.905,951.230469
2011.04.08_16:12:00_TAI,117.2,2.239349e+22,35.002,107.551,107.860,50.332,0.16783337,3.136012e+13,0.00308875,1490.975,111.770,8.916829e+12,2.937857e+03,1.411835e+23,28.646,12.485,3.855,951.268433
2011.04.08_16:24:00_TAI,117.4,2.227601e+22,35.058,108.504,108.834,50.696,0.23954752,3.131214e+13,0.00342217,1489.052,122.558,1.018827e+13,2.966483e+03,1.410936e+23,28.755,13.037,3.918,960.827820
2011.04.08_16:36:00_TAI,117.6,2.209064e+22,34.922,110.121,110.699,51.367,0.14949210,3.095244e+13,0.00317442,1492.500,111.422,8.626668e+12,3.015535e+03,1.405712e+23,28.606,12.923,4.008,963.686768
2011.04.08_16:48:00_TAI,117.8,2.181559e+22,34.770,111.358,111.732,52.103,0.26178029,3.033819e+13,0.00283483,1476.722,97.212,7.817654e+12,3.038999e+03,1.383999e+23,28.357,12.726,4.005,965.981934
2011.04.08_17:00:00_TAI,118.0,2.175747e+22,34.486,112.440,113.044,52.076,0.24765767,3.037027e+13,0.00330024,1500.624,111.832,8.904572e+12,3.065866e+03,1.379745e+23,28.020,12.105,4.023,972.114075
2011.04.08_17:12:00_TAI,118.2,2.142035e+22,34.396,113.912,114.618,52.268,0.22478935,3.020004e+13,0.00304050,1502.044,100.112,7.898511e+12,3.076592e+03,1.345348e+23,28.063,12.248,3.888,969.784485
2011.04.08_17:24:00_TAI,118.4,2.122135e+22,34.303,115.314,115.825,53.011,0.17559451,3.015098e+13,0.00335015,1516.468,108.230,8.494142e+12,3.120156e+03,1.338748e+23,27.946,12.118,3.850,971.393860
2011.04.08_17:36:00_TAI,118.6,2.098699e+22,34.168,117.469,118.404,53.602,0.22867320,2.988286e+13,0.00332302,1514.943,104.811,8.997419e+12,3.167015e+03,1.326594e+23,27.816,11.927,3.960,974.622620
2011.04.08_17:48:00_TAI,118.8,2.066304e+22,34.291,118.528,119.572,54.340,0.24554293,2.941749e+13,0.00320935,1505.636,98.745,8.447183e+12,3.237064e+03,1.322792e+23,28.036,12.330,4.018,979.731873
2011.04.08_18:24:00_TAI,119.4,2.063072e+22,33.665,119.413,121.584,54.048,0.25735769,3.034826e+13,0.00363510,1567.728,109.060,9.201764e+12,3.307844e+03,1.318020e+23,27.715,11.915,3.982,982.004456
2011.04.08_18:36:00_TAI,119.6,2.081382e+22,34.151,118.917,121.097,54.354,0.22043663,3.136470e+13,0.00397282,1608.013,121.449,9.855133e+12,3.327960e+03,1.351140e+23,28.118,12.489,3.934,979.387573
2011.04.08_18:48:00_TAI,119.8,2.116130e+22,34.390,118.727,120.733,54.215,0.31270865,3.204859e+13,0.00426319,1634.434,133.459,8.745662e+12,3.309806e+03,1.376033e+23,28.395,12.758,3.949,981.238220
2011.04.08_19:00:00_TAI,120.0,2.167479e+22,34.549,117.965,119.470,54.309,0.30869034,3.287269e+13,0.00445385,1654.619,144.661,1.069199e+13,3.275919e+03,1.413064e+23,28.521,12.423,4.049,986.519958
2011.04.08_19:12:00_TAI,120.2,2.204784e+22,34.784,116.109,117.801,53.868,0.25467750,3.265951e+13,0.00372152,1619.317,124.243,1.012266e+13,3.244891e+03,1.438679e+23,28.670,12.871,4.110,985.763550
2011.04.08_19:24:00_TAI,120.4,2.247744e+22,35.040,114.857,116.668,53.108,0.29371026,3.333864e+13,0.00376906,1628.398,130.458,1.037520e+13,3.203015e+03,1.472349e+23,28.923,13.015,4.118,986.703918
2011.04.08_19:36:00_TAI,120.6,2.285245e+22,34.939,114.301,115.542,52.526,0.25563702,3.340564e+13,0.00376824,1639.401,133.953,1.106596e+13,3.139745e+03,1.482294e+23,28.828,12.796,4.060,981.575806
2011.04.08_19:48:00_TAI,120.8,2.299817e+22,35.029,113.645,114.819,52.147,0.23317693,3.298883e+13,0.00375283,1615.210,135.105,1.031636e+13,3.086165e+03,1.475524e+23,28.759,12.772,4.082,984.510437
2011.04.08_20:00:00_TAI,121.0,2.308359e+22,35.031,111.446,112.805,50.962,0.16928490,3.264569e+13,0.00349052,1588.763,127.589,1.038338e+13,3.017476e+03,1.464803e+23,28.706,12.552,4.092,977.911926
2011.04.08_20:12:00_TAI,121.2,2.303745e+22,34.626,112.696,114.018,51.044,0.22899212,3.187090e+13,0.00316638,1562.249,114.718,1.065968e+13,2.991802e+03,1.439586e+23,28.213,11.719,4.116,970.222900
2011.04.08_20:24:00_TAI,121.4,2.291822e+22,34.413,112.409,113.421,51.044,0.23238538,3.112736e+13,0.00252973,1531.660,91.283,8.648704e+12,2.950996e+03,1.414229e+23,28.017,11.439,4.043,971.279236
2011.04.08_20:36:00_TAI,121.6,2.279269e+22,34.809,112.046,113.075,50.903,0.24037400,3.072301e+13,0.00217597,1512.138,78.448,7.483214e+12,2.929587e+03,1.402647e+23,28.170,12.091,4.075,981.332397
2011.04.08_20:48:00_TAI,121.8,2.261382e+22,35.012,113.113,113.954,51.231,0.15616795,3.030635e+13,0.00238175,1487.957,84.950,7.124868e+12,2.975396e+03,1.409445e+23,28.290,12.658,4.094,983.562073
2011.04.08_21:00:00_TAI,122.0,2.243224e+22,34.786,113.417,114.665,51.256,0.15953916,2.985304e+13,0.00185206,1469.947,65.270,5.993645e+12,2.959108e+03,1.385028e+23,28.108,12.201,4.077,977.167847
2011.04.08_21:12:00_TAI,122.2,2.231376e+22,34.550,113.906,114.945,51.041,0.18859984,2.940915e+13,0.00254586,1463.883,88.682,7.174149e+12,2.971723e+03,1.374791e+23,27.851,12.160,4.027,974.091919
2011.04.08_21:24:00_TAI,122.4,2.221472e+22,34.425,115.754,117.075,51.417,0.22532085,2.948523e+13,0.00230884,1474.239,79.415,7.128382e+12,2.990224e+03,1.365917e+23,27.713,12.016,3.967,975.734924
2011.04.08_21:36:00_TAI,122.6,2.210287e+22,34.587,116.354,117.718,51.662,0.18780728,2.986193e+13,0.00267099,1496.660,91.083,7.561974e+12,3.010838e+03,1.363577e+23,27.857,12.378,3.975,980.356384
2011.04.08_21:48:00_TAI,122.8,2.188863e+22,34.449,116.959,118.445,52.073,0.20158161,2.968277e+13,0.00257465,1504.618,86.186,7.660141e+12,3.057142e+03,1.359092e+23,27.825,12.257,3.984,974.715332
2011.04.08_22:00:00_TAI,123.0,2.166751e+22,34.619,117.690,118.998,52.346,0.12876868,2.934514e+13,0.00237789,1490.611,78.228,6.968486e+12,3.105229e+03,1.356675e+23,27.872,12.575,3.968,978.266296
2011.04.08_22:12:00_TAI,123.2,2.151694e+22,34.334,118.810,120.127,52.775,0.16247807,2.950371e+13,0.00206097,1500.083,66.761,5.680869e+12,3.118652e+03,1.341624e+23,27.787,12.135,3.941,981.779419
2011.04.08_22:24:00_TAI,123.4,2.143381e+22,34.059,121.560,122.788,54.004,0.21766207,2.965934e+13,0.00267324,1522.320,85.469,6.296290e+12,3.167765e+03,1.345082e+23,27.700,12.029,3.938,987.925415
2011.04.08_22:36:00_TAI,123.6,2.133034e+22,34.197,121.315,122.288,54.220,0.16459596,3.008404e+13,0.00277911,1547.576,88.392,7.434072e+12,3.185289e+03,1.345459e+23,27.859,12.205,3.892,983.143005
2011.04.08_22:48:00_TAI,123.8,2.134659e+22,34.494,121.307,122.420,54.069,0.15182313,3.021702e+13,0.00199613,1546.186,63.946,5.298229e+12,3.148102e+03,1.339325e+23,27.897,12.455,3.976,974.123108
2011.04.08_23:00:00_TAI,124.0,2.127533e+22,34.633,121.073,122.210,54.325,0.15810697,3.001518e+13,0.00303546,1534.277,96.971,8.226520e+12,3.177452e+03,1.348141e+23,28.037,12.627,3.926,976.181885
2011.04.08_23:12:00_TAI,124.2,2.112968e+22,34.479,122.995,124.228,54.729,0.13806438,3.049949e+13,0.00305143,1557.588,96.047,8.338468e+12,3.188625e+03,1.332936e+23,27.963,12.727,3.916,977.086731
2011.04.08_23:24:00_TAI,124.4,2.096189e+22,34.318,123.726,124.824,55.211,0.32870686,3.022323e+13,0.00318392,1552.401,98.959,6.569488e+12,3.172705e+03,1.309638e+23,27.752,12.213,3.938,976.115662
2011.04.08_23:36:00_TAI,124.6,2.101296e+22,34.404,122.655,124.013,54.823,0.17785060,3.074833e+13,0.00288112,1565.924,90.384,5.594434e+12,3.195928e+03,1.331533e+23,27.915,12.365,3.909,980.191895
2011.04.08_23:48:00_TAI,124.8,2.098732e+22,34.289,123.745,125.082,55.203,0.15961568,3.086149e+13,0.00262236,1571.927,81.873,5.639286e+12,3.187818e+03,1.321761e+23,27.798,12.178,3.802,970.041626
2011.04.09_00:00:00_TAI,125.0,2.084457e+22,34.098,123.559,125.056,54.663,0.19879290,3.039095e+13,0.00298933,1559.419,92.092,6.533204e+12,3.223038e+03,1.318729e+23,27.958,12.629,3.897,976.761597
2011.04.09_00:12:00_TAI,125.2,2.095513e+22,34.025,124.784,126.439,55.343,0.27326369,3.085741e+13,0.00348433,1582.643,107.819,7.139774e+12,3.216002e+03,1.321616e+23,27.830,12.565,3.727,963.911621
2011.04.09_00:24:00_TAI,125.4,2.088597e+22,34.101,124.231,126.055,54.653,0.23264866,3.074044e+13,0.00319506,1563.818,98.689,7.329044e+12,3.194553e+03,1.310426e+23,28.005,12.675,3.801,968.293457
2011.04.09_00:36:00_TAI,125.6,2.091134e+22,34.476,123.873,125.984,54.604,0.19313149,3.090138e+13,0.00297784,1564.973,92.638,7.253877e+12,3.190530e+03,1.318182e+23,28.168,12.983,3.880,967.050598
2011.04.09_00:48:00_TAI,125.8,2.078908e+22,34.315,125.470,127.226,55.173,0.22126852,3.057724e+13,0.00301407,1554.233,92.704,7.740711e+12,3.198716e+03,1.306569e+23,28.028,12.742,3.819,969.852783
2011.04.09_01:00:00_TAI,126.0,2.087965e+22,34.394,124.434,126.266,54.848,0.25679970,3.073665e+13,0.00255766,1565.094,79.533,7.090330e+12,3.197997e+03,1.320673e+23,28.194,13.114,3.751,971.390747
2011.04.09_01:12:00_TAI,126.2,2.083136e+22,34.114,124.796,126.227,55.191,0.30047694,3.054781e+13,0.00300972,1564.061,92.856,7.704950e+12,3.196641e+03,1.309754e+23,28.008,12.647,3.778,975.300537
2011.04.09_01:24:00_TAI,126.4,2.081493e+22,34.509,123.631,125.153,54.728,0.33120611,3.094389e+13,0.00251956,1569.102,78.237,7.320310e+12,3.235341e+03,1.334204e+23,28.244,13.126,3.778,970.055176
2011.04.09_01:36:00_TAI,126.6,2.082797e+22,34.345,122.206,123.630,54.075,0.23271601,3.095355e+13,0.00215222,1574.533,67.205,5.598913e+12,3.141448e+03,1.302743e+23,28.081,12.666,3.756,976.992126
2011.04.09_01:48:00_TAI,126.8,2.097370e+22,34.357,122.477,123.753,53.993,0.17591713,3.094269e+13,0.00180771,1560.349,57.216,4.828378e+12,3.065770e+03,1.288664e+23,27.912,12.682,3.697,988.898560
2011.04.09_02:00:00_TAI,127.0,2.101039e+22,33.897,122.353,123.612,53.529,0.26763144,3.080854e+13,0.00207082,1552.004,65.614,6.095227e+12,3.024667e+03,1.272792e+23,27.724,12.078,3.632,984.548096
2011.04.09_02:12:00_TAI,127.2,2.090840e+22,34.160,122.532,123.609,53.768,0.26807252,3.079798e+13,0.00207907,1545.146,65.659,5.159311e+12,3.051936e+03,1.280093e+23,27.859,12.269,3.591,987.361694
2011.04.09_02:24:00_TAI,127.4,2.097190e+22,34.292,122.020,123.121,53.751,0.23500046,3.125925e+13,0.00179204,1562.211,57.247,5.563608e+12,3.026712e+03,1.284103e+23,27.972,12.634,3.747,990.540405
2011.04.09_02:36:00_TAI,127.6,2.083671e+22,34.255,121.264,122.033,53.312,0.26206243,3.023576e+13,0.00220524,1507.380,70.043,5.481894e+12,2.995057e+03,1.263395e+23,28.013,12.452,3.621,984.714539
2011.04.09_02:48:00_TAI,127.8,2.076182e+22,34.151,121.050,121.950,52.978,0.36627162,2.979833e+13,0.00197419,1503.043,62.420,6.110692e+12,2.965501e+03,1.245257e+23,27.875,12.224,3.753,988.808777
2011.04.09_03:00:00_TAI,128.0,2.073662e+22,33.626,121.951,122.552,53.381,0.26989019,2.943055e+13,0.00160633,1488.240,50.399,4.598782e+12,2.921235e+03,1.217202e+23,27.343,11.493,3.770,1000.465515
2011.04.09_03:12:00_TAI,128.2,2.101842e+22,33.752,119.551,119.992,52.541,0.33692202,2.966453e+13,0.00124439,1485.895,40.298,5.757529e+12,2.823364e+03,1.214293e+23,27.429,11.320,3.707,998.789856
2011.04.09_03:24:00_TAI,128.4,2.113335e+22,34.168,118.227,118.527,52.103,0.33904153,2.975333e+13,0.00096859,1478.171,31.986,5.908041e+12,2.806255e+03,1.230711e+23,27.794,12.164,3.591,1003.617126
2011.04.09_03:36:00_TAI,128.6,2.107579e+22,34.394,117.083,117.515,51.196,0.36169800,2.919720e+13,0.00084260,1445.717,27.969,6.335642e+12,2.812145e+03,1.239681e+23,27.942,12.225,3.507,1002.617920
2011.04.09_03:48:00_TAI,128.8,2.119988e+22,34.231,116.421,116.770,51.023,0.33361134,2.936478e+13,0.00093466,1451.037,31.210,5.878663e+12,2.783978e+03,1.234585e+23,27.880,12.015,3.590,1000.924988
2011.04.09_04:00:00_TAI,129.0,2.115347e+22,34.681,115.313,115.916,50.799,0.37313086,2.945898e+13,0.00118267,1445.178,39.563,6.587406e+12,2.786949e+03,1.238197e+23,28.073,12.106,3.652,1015.161011
2011.04.09_04:12:00_TAI,129.2,2.124742e+22,34.455,115.820,116.526,50.816,0.35198218,2.933883e+13,0.00101927,1430.958,34.293,6.249651e+12,2.779753e+03,1.242051e+23,27.954,11.838,3.742,1009.787842
2011.04.09_04:24:00_TAI,129.4,2.147116e+22,34.551,115.563,116.132,51.165,0.31229267,3.007830e+13,0.00128332,1457.915,43.891,5.636687e+12,2.753389e+03,1.250602e+23,28.036,11.935,3.832,1015.693298
2011.04.09_04:36:00_TAI,129.6,2.142522e+22,34.496,115.554,116.021,51.391,0.32769150,3.041481e+13,0.00192605,1465.311,65.852,6.663538e+12,2.765879e+03,1.255870e+23,28.089,11.781,3.857,1020.292175
2011.04.09_04:48:00_TAI,129.8,2.153974e+22,35.018,114.245,115.182,51.033,0.32973161,3.052507e+13,0.00165776,1459.559,57.534,6.319893e+12,2.773188e+03,1.278230e+23,28.448,12.168,3.753,1032.175049
2011.04.09_05:00:00_TAI,130.0,2.154536e+22,35.053,114.155,115.125,51.122,0.36742103,3.075753e+13,0.00123144,1470.119,42.817,6.742409e+12,2.745641e+03,1.267830e+23,28.514,12.146,3.649,1028.446533
2011.04.09_05:12:00_TAI,130.2,2.141895e+22,34.839,115.689,116.445,51.722,0.28755793,3.139041e+13,0.00188509,1500.724,64.649,6.455565e+12,2.768794e+03,1.261055e+23,28.416,12.223,3.651,1033.594238
2011.04.09_05:24:00_TAI,130.4,2.138064e+22,34.958,117.041,117.938,52.665,0.35775739,3.212857e+13,0.00182506,1532.680,62.167,6.479319e+12,2.836268e+03,1.283085e+23,28.545,12.456,3.627,1037.859619
2011.04.09_05:36:00_TAI,130.6,2.106026e+22,35.094,117.725,119.099,53.074,0.44177848,3.194688e+13,0.00167220,1522.626,55.745,7.773582e+12,2.873542e+03,1.272280e+23,28.678,12.667,3.731,1042.642822
2011.04.09_05:48:00_TAI,130.8,2.058522e+22,35.230,119.488,120.804,53.750,0.41476572,3.182165e+13,0.00169632,1524.847,54.683,7.056879e+12,2.938198e+03,1.257868e+23,28.917,13.206,3.619,1044.431519
2011.04.09_06:24:00_TAI,131.4,1.916060e+22,34.272,123.715,125.261,55.101,0.42902631,3.035261e+13,0.00156568,1520.572,45.010,6.510066e+12,3.034353e+03,1.158515e+23,27.889,11.760,3.682,1045.187622
2011.04.09_06:36:00_TAI,131.6,1.880621e+22,33.716,125.947,127.019,55.715,0.40438676,2.931317e+13,0.00184541,1496.467,51.090,6.113891e+12,3.068140e+03,1.128101e+23,27.425,10.944,3.376,1052.832764
2011.04.09_06:48:00_TAI,131.8,1.867238e+22,33.549,127.003,128.382,56.186,0.30222574,2.866637e+13,0.00092586,1475.923,25.332,4.364451e+12,3.059052e+03,1.111516e+23,27.217,10.614,3.573,1053.241211
2011.04.09_07:00:00_TAI,132.0,1.838263e+22,33.461,128.920,129.855,57.261,0.34012046,2.804606e+13,0.00058812,1458.095,15.690,4.789445e+12,3.083070e+03,1.092359e+23,27.060,10.244,3.556,1051.722778
2011.04.09_07:12:00_TAI,132.2,1.846569e+22,33.462,128.137,128.936,57.119,0.36144575,2.789621e+13,0.00104236,1445.342,28.133,5.149072e+12,3.011287e+03,1.079363e+23,26.897,10.189,3.586,1056.404053
2011.04.09_07:24:00_TAI,132.4,1.848480e+22,34.067,126.197,126.149,56.968,0.31724349,2.746990e+13,0.00039170,1397.609,10.780,4.608285e+12,3.000770e+03,1.096755e+23,27.409,10.668,3.487,1052.737427
2011.04.09_07:36:00_TAI,132.6,1.867925e+22,34.277,126.188,125.672,57.828,0.29688123,2.830293e+13,-0.00005305,1421.266,1.494,4.411525e+12,2.970550e+03,1.110642e+23,27.701,11.011,3.405,1056.975342
2011.04.09_07:48:00_TAI,132.8,1.876406e+22,34.345,125.528,124.504,57.735,0.29812798,2.805922e+13,0.00010809,1401.748,3.085,4.490928e+12,2.919690e+03,1.106632e+23,27.651,10.978,3.362,1058.946899
2011.04.09_08:00:00_TAI,133.0,1.897083e+22,34.324,124.307,123.145,57.318,0.29786414,2.839117e+13,0.00003835,1398.650,1.119,4.587233e+12,2.847328e+03,1.103331e+23,27.511,10.597,3.177,1062.980835
2011.04.09_08:12:00_TAI,133.2,1.908365e+22,34.710,122.324,121.095,56.333,0.18114269,2.850843e+13,-0.00002865,1384.172,0.855,2.854381e+12,2.810380e+03,1.114281e+23,27.949,11.204,3.262,1061.631348
2011.04.09_08:24:00_TAI,133.4,1.920430e+22,35.162,120.320,119.188,55.652,0.25065607,2.859399e+13,0.00012102,1378.593,3.699,4.043381e+12,2.777824e+03,1.127492e+23,28.080,11.674,3.497,1072.348999
2011.04.09_08:36:00_TAI,133.6,1.935030e+22,35.536,119.380,118.155,55.348,0.23794775,2.928832e+13,-0.00012650,1394.099,3.954,3.925501e+12,2.769619e+03,1.149688e+23,28.501,12.164,3.475,1069.808960
2011.04.09_08:48:00_TAI,133.8,1.932126e+22,35.485,119.231,118.039,55.685,0.15750785,2.929433e+13,0.00041773,1391.163,13.033,3.459642e+12,2.761874e+03,1.144382e+23,28.484,12.170,3.837,1073.987305
2011.04.09_09:00:00_TAI,134.0,1.963303e+22,35.483,118.079,116.696,55.280,0.22845526,3.011107e+13,0.00025395,1414.505,8.188,4.185810e+12,2.692318e+03,1.152925e+23,28.620,12.284,3.753,1075.187500
2011.04.09_09:12:00_TAI,134.2,1.968292e+22,35.852,117.771,116.516,55.039,0.18896799,3.095659e+13,0.00047513,1430.704,15.547,4.394624e+12,2.681231e+03,1.165127e+23,28.961,12.967,3.710,1070.265991
2011.04.09_09:24:00_TAI,134.4,1.980579e+22,35.888,117.480,116.533,54.870,0.23546505,3.142091e+13,0.00043535,1452.290,14.412,4.113874e+12,2.661141e+03,1.169933e+23,29.045,12.872,3.776,1069.773804
2011.04.09_09:36:00_TAI,134.6,1.984731e+22,36.293,117.098,116.181,54.641,0.25879139,3.205441e+13,0.00015408,1460.337,5.154,4.568192e+12,2.666377e+03,1.184381e+23,29.407,13.547,3.701,1066.250854
2011.04.09_09:48:00_TAI,134.8,1.987162e+22,36.324,116.259,115.336,54.411,0.27697074,3.231973e+13,0.00043434,1472.470,14.623,4.921463e+12,2.675232e+03,1.196201e+23,29.513,13.455,3.736,1062.695435
2011.04.09_10:00:00_TAI,135.0,1.985891e+22,36.211,116.225,115.435,54.425,0.24537954,3.241805e+13,0.00041788,1480.736,14.013,4.342564e+12,2.706208e+03,1.205200e+23,29.387,13.595,3.908,1070.869263
2011.04.09_10:12:00_TAI,135.2,1.980821e+22,36.749,115.459,114.538,54.217,0.21642700,3.305549e+13,0.00015702,1485.132,5.309,3.861520e+12,2.699050e+03,1.211870e+23,29.815,14.227,3.847,1076.534790
2011.04.09_10:24:00_TAI,135.4,1.983339e+22,36.547,115.305,114.996,54.258,0.25622627,3.309231e+13,0.00043022,1485.622,14.510,4.560582e+12,2.712032e+03,1.214781e+23,29.675,13.896,3.887,1077.575317
2011.04.09_10:36:00_TAI,135.6,1.958610e+22,37.275,115.151,114.729,54.507,0.26268345,3.303161e+13,0.00074024,1479.625,24.777,5.331866e+12,2.752708e+03,1.223642e+23,30.149,14.400,3.821,1080.858765
2011.04.09_10:48:00_TAI,135.8,1.937307e+22,36.579,116.374,115.886,54.702,0.34563035,3.253864e+13,0.00069510,1474.940,22.655,5.944624e+12,2.777553e+03,1.202262e+23,29.675,13.745,3.813,1082.314697
2011.04.09_11:00:00_TAI,136.0,1.928702e+22,36.465,116.695,116.715,54.526,0.30298787,3.255665e+13,0.00076467,1479.699,24.749,5.174795e+12,2.794940e+03,1.201362e+23,29.589,13.672,3.938,1084.156494
2011.04.09_11:12:00_TAI,136.2,1.904995e+22,36.475,117.522,117.813,54.517,0.30963993,3.217298e+13,0.00064051,1471.832,20.293,5.176695e+12,2.825312e+03,1.188790e+23,29.528,13.660,3.830,1083.085815
2011.04.09_11:24:00_TAI,136.4,1.909089e+22,36.357,117.623,118.061,54.531,0.29838499,3.217054e+13,0.00092477,1472.698,29.334,4.994559e+12,2.798643e+03,1.179019e+23,29.316,13.275,3.864,1080.242798
2011.04.09_11:36:00_TAI,136.6,1.875016e+22,36.637,117.203,117.554,54.387,0.38306788,3.168172e+13,0.00107010,1452.474,33.248,6.556270e+12,2.847346e+03,1.174882e+23,29.608,13.724,3.870,1098.882568
2011.04.09_11:48:00_TAI,136.8,1.889310e+22,36.802,116.967,117.470,54.376,0.34308845,3.267854e+13,0.00030724,1491.374,9.691,5.710164e+12,2.851323e+03,1.194433e+23,29.845,14.285,3.817,1091.300293
2011.04.09_12:00:00_TAI,137.0,1.877564e+22,37.061,117.643,118.023,54.728,0.31918550,3.254361e+13,0.00069465,1491.966,21.756,5.274992e+12,2.866041e+03,1.192187e+23,29.997,14.565,3.935,1096.711426
2011.04.09_12:12:00_TAI,137.2,1.881732e+22,37.135,117.512,117.964,54.598,0.23848435,3.236165e+13,0.00073326,1480.512,23.069,6.208754e+12,2.830053e+03,1.182442e+23,29.840,14.338,3.866,1097.686157
2011.04.09_12:24:00_TAI,137.4,1.877628e+22,36.940,118.075,118.660,54.969,0.32150137,3.223160e+13,0.00042851,1481.239,13.384,5.298083e+12,2.879843e+03,1.194563e+23,29.844,14.359,3.891,1107.881104
2011.04.09_12:36:00_TAI,137.6,1.864277e+22,36.907,119.396,119.543,55.352,0.35703474,3.160634e+13,0.00096279,1449.016,29.644,5.800059e+12,2.913858e+03,1.191530e+23,29.791,14.381,3.970,1099.565063
2011.04.09_12:48:00_TAI,137.8,1.868618e+22,37.001,118.334,118.370,55.252,0.32151368,3.236045e+13,0.00075510,1473.918,23.477,5.273947e+12,2.900645e+03,1.197721e+23,29.915,14.354,4.011,1106.857544
2011.04.09_13:00:00_TAI,138.0,1.877273e+22,37.156,117.494,117.663,55.212,0.33947834,3.226619e+13,0.00080193,1463.159,25.140,5.614526e+12,2.921241e+03,1.216196e+23,30.165,14.718,4.137,1104.484985
2011.04.09_13:12:00_TAI,138.2,1.889200e+22,36.752,118.094,118.114,55.705,0.36538300,3.281748e+13,0.00065726,1494.912,20.642,6.053992e+12,2.912545e+03,1.214819e+23,29.727,13.882,4.045,1115.215576
2011.04.09_13:24:00_TAI,138.4,1.901162e+22,36.969,116.926,117.288,55.242,0.26608002,3.262913e+13,0.00132111,1487.499,42.013,6.121099e+12,2.894850e+03,1.222586e+23,29.861,13.968,4.149,1113.662598
2011.04.09_13:36:00_TAI,138.6,1.904183e+22,37.027,117.531,117.686,55.269,0.18906756,3.275182e+13,0.00132116,1492.859,42.161,6.360741e+12,2.925520e+03,1.239891e+23,29.891,14.157,4.012,1118.466553
2011.04.09_13:48:00_TAI,138.8,1.931531e+22,37.191,116.464,116.796,55.506,0.18222573,3.358759e+13,0.00134608,1511.363,44.076,7.337643e+12,2.897573e+03,1.260062e+23,29.984,13.935,4.035,1123.606201
2011.04.09_14:00:00_TAI,139.0,1.946024e+22,37.473,115.908,116.072,55.670,0.17151846,3.338320e+13,0.00131327,1502.374,43.422,5.572682e+12,2.887815e+03,1.268091e+23,30.182,14.438,4.024,1126.652344
2011.04.09_14:12:00_TAI,139.2,1.964535e+22,37.712,115.037,114.916,55.021,0.26918414,3.391512e+13,0.00130420,1506.589,44.044,5.712650e+12,2.859685e+03,1.282589e+23,30.582,15.086,3.934,1123.160156
2011.04.09_14:24:00_TAI,139.4,1.979741e+22,37.509,115.004,115.162,54.850,0.25135538,3.403419e+13,0.00081545,1536.374,27.660,4.497314e+12,2.861750e+03,1.289140e+23,30.451,14.941,3.881,1129.184692
2011.04.09_14:36:00_TAI,139.6,1.982106e+22,37.484,115.678,115.803,55.403,0.25287500,3.392321e+13,0.00061068,1530.103,20.667,4.514143e+12,2.870292e+03,1.290053e+23,30.280,14.505,4.124,1130.082520
2011.04.09_14:48:00_TAI,139.8,1.983715e+22,37.717,115.909,115.911,55.477,0.33274606,3.385667e+13,0.00085907,1529.884,29.182,5.962644e+12,2.892148e+03,1.304869e+23,30.467,14.788,4.002,1132.445312
2011.04.09_15:00:00_TAI,140.0,1.974859e+22,37.551,116.239,116.078,55.988,0.27483132,3.331863e+13,0.00074869,1510.470,25.223,4.883871e+12,2.933403e+03,1.312496e+23,30.133,14.464,3.905,1137.758911
2011.04.09_15:12:00_TAI,140.2,1.983201e+22,37.307,117.134,116.912,56.126,0.23297761,3.290376e+13,0.00091088,1502.241,30.575,4.355644e+12,2.942567e+03,1.311751e+23,30.035,14.145,4.079,1131.267822
2011.04.09_15:24:00_TAI,140.4,1.968012e+22,37.754,116.920,116.657,56.705,0.26516268,3.254022e+13,0.00029679,1483.015,9.923,4.676371e+12,2.986299e+03,1.326090e+23,30.311,14.989,4.194,1132.224243
2011.04.09_15:36:00_TAI,140.6,1.968641e+22,37.571,118.012,117.641,57.183,0.21853575,3.241210e+13,0.00114461,1494.644,37.922,5.661385e+12,3.019365e+03,1.328504e+23,29.984,14.503,4.224,1137.099243
2011.04.09_15:48:00_TAI,140.8,1.953229e+22,37.683,118.573,118.439,57.376,0.31357059,3.218692e+13,0.00112776,1483.975,36.783,5.394141e+12,3.053603e+03,1.322683e+23,29.934,14.281,4.154,1142.947021
2011.04.09_16:00:00_TAI,141.0,1.927403e+22,37.206,119.395,119.023,57.999,0.20206036,3.135056e+13,0.00094971,1461.827,30.140,4.062982e+12,3.111267e+03,1.311300e+23,29.689,13.908,4.170,1135.407593
2011.04.09_16:12:00_TAI,141.2,1.911209e+22,37.178,119.705,119.654,58.054,0.20862088,3.058822e+13,0.00100577,1446.946,31.364,4.001133e+12,3.131364e+03,1.296857e+23,29.434,13.641,4.102,1133.848633
2011.04.09_16:24:00_TAI,141.4,1.911769e+22,36.698,122.239,121.882,58.973,0.21962631,3.050248e+13,0.00106598,1455.362,32.677,4.156864e+12,3.159756e+03,1.286332e+23,28.916,12.840,4.137,1144.997803
2011.04.09_16:36:00_TAI,141.6,1.895306e+22,36.798,123.261,123.326,59.768,0.21423090,3.031317e+13,0.00113873,1473.903,34.207,3.394050e+12,3.236489e+03,1.291180e+23,29.117,13.113,4.006,1146.556274
2011.04.09_16:48:00_TAI,141.8,1.866467e+22,36.747,125.357,125.616,60.464,0.28037816,2.986263e+13,0.00171788,1468.339,49.953,4.486404e+12,3.334647e+03,1.287737e+23,29.127,13.378,4.066,1149.229248
2011.04.09_17:00:00_TAI,142.0,1.846443e+22,36.185,126.394,126.483,60.772,0.25488758,2.981060e+13,0.00153158,1477.995,43.502,3.976627e+12,3.346841e+03,1.262532e+23,28.774,12.565,4.060,1146.187622
2011.04.09_17:12:00_TAI,142.2,1.820945e+22,36.139,128.310,128.724,61.153,0.27823311,2.942941e+13,0.00136110,1469.839,37.562,4.049907e+12,3.425126e+03,1.255447e+23,28.726,12.757,4.114,1152.957397
2011.04.09_17:24:00_TAI,142.4,1.819931e+22,36.164,128.154,128.897,60.654,0.24024716,2.946417e+13,0.00158591,1492.691,43.544,3.724335e+12,3.430596e+03,1.250982e+23,28.790,13.169,4.099,1157.355835
2011.04.09_17:36:00_TAI,142.6,1.814583e+22,36.028,128.331,129.431,60.254,0.23850107,2.936553e+13,0.00204319,1494.325,55.599,4.149020e+12,3.449558e+03,1.246627e+23,28.819,13.101,4.132,1150.075317
2011.04.09_17:48:00_TAI,142.8,1.823869e+22,36.073,128.966,130.368,60.965,0.23506224,2.956444e+13,0.00173729,1498.155,47.286,4.474973e+12,3.474865e+03,1.256096e+23,28.938,13.454,4.098,1152.454590
2011.04.09_18:24:00_TAI,143.4,1.891409e+22,36.913,124.748,126.850,58.903,0.43690655,3.217856e+13,0.00100545,1583.863,29.383,6.734627e+12,3.349681e+03,1.300215e+23,29.548,14.455,3.991,1150.083984
2011.04.09_18:36:00_TAI,143.6,1.926988e+22,36.947,123.389,125.165,57.980,0.39707148,3.222795e+13,0.00222257,1564.624,66.775,6.950467e+12,3.307463e+03,1.319670e+23,29.769,14.832,4.087,1147.020386
2011.04.09_18:48:00_TAI,143.8,1.973421e+22,37.398,122.743,124.548,57.899,0.39850232,3.301963e+13,0.00183048,1583.737,57.433,6.594153e+12,3.203642e+03,1.334916e+23,29.840,14.906,4.099,1147.361206
2011.04.09_19:00:00_TAI,144.0,2.003774e+22,37.656,123.421,125.346,58.062,0.34154809,3.315539e+13,0.00203641,1585.021,65.332,5.779108e+12,3.196354e+03,1.361891e+23,30.047,14.986,4.111,1140.129517
2011.04.09_19:12:00_TAI,144.2,2.022025e+22,37.592,122.311,123.818,57.685,0.31042266,3.291682e+13,0.00272129,1564.791,88.695,6.521165e+12,3.202618e+03,1.386252e+23,30.171,15.089,4.007,1144.853516
2011.04.09_19:24:00_TAI,144.4,2.045761e+22,37.676,121.126,122.492,56.941,0.31093878,3.264317e+13,0.00302282,1549.219,100.605,7.972994e+12,3.153715e+03,1.393941e+23,30.044,14.801,3.977,1145.813354
2011.04.09_19:36:00_TAI,144.6,2.062421e+22,37.432,120.445,121.543,56.908,0.35116258,3.243644e+13,0.00294135,1540.191,98.697,8.642407e+12,3.138104e+03,1.398460e+23,29.733,14.442,4.032,1144.304810
2011.04.09_19:48:00_TAI,144.8,2.036887e+22,37.451,120.792,121.942,56.604,0.30198494,3.175141e+13,0.00289033,1510.469,95.624,7.044149e+12,3.145562e+03,1.382150e+23,29.704,14.502,4.039,1146.160400
2011.04.09_20:00:00_TAI,145.0,2.015613e+22,37.328,121.168,121.901,57.054,0.24590166,3.101735e+13,0.00297730,1494.257,96.914,7.183857e+12,3.200068e+03,1.383490e+23,29.559,13.912,4.027,1142.674927
2011.04.09_20:12:00_TAI,145.2,2.011050e+22,37.514,120.498,121.442,56.768,0.29946253,3.085246e+13,0.00284080,1479.701,92.678,6.293988e+12,3.208969e+03,1.390321e+23,29.755,14.495,4.053,1139.045654
2011.04.09_20:24:00_TAI,145.4,2.007563e+22,37.582,120.703,121.595,56.985,0.28921258,3.067618e+13,0.00258770,1475.138,84.147,7.075976e+12,3.239957e+03,1.399272e+23,29.828,14.523,4.021,1145.290039
2011.04.09_20:36:00_TAI,145.6,1.994972e+22,37.593,121.412,122.489,57.276,0.24339963,3.062043e+13,0.00267963,1483.309,85.673,7.062081e+12,3.286738e+03,1.395600e+23,29.872,14.437,4.031,1147.668823
2011.04.09_20:48:00_TAI,145.8,1.978320e+22,37.206,123.706,125.172,58.242,0.28141499,3.031898e+13,0.00268071,1486.876,83.609,6.623014e+12,3.327852e+03,1.378408e+23,29.377,13.508,4.127,1145.889771
2011.04.09_21:00:00_TAI,146.0,1.957139e+22,37.305,124.358,125.869,58.748,0.23401958,3.004029e+13,0.00278859,1477.594,85.451,5.741279e+12,3.415226e+03,1.389835e+23,29.602,14.055,4.059,1149.902710
2011.04.09_21:12:00_TAI,146.2,1.953292e+22,37.205,126.068,127.480,59.487,0.20451890,3.008339e+13,0.00291156,1494.233,88.308,7.228352e+12,3.461668e+03,1.394346e+23,29.486,14.138,4.082,1135.928223
2011.04.09_21:24:00_TAI,146.4,1.952809e+22,37.357,128.465,129.557,60.731,0.15489177,3.035036e+13,0.00290095,1516.669,87.133,5.657980e+12,3.510084e+03,1.400142e+23,29.439,14.233,3.900,1133.469727
2011.04.09_21:36:00_TAI,146.6,1.935919e+22,37.263,128.419,129.840,61.039,0.26045612,2.988958e+13,0.00263650,1498.239,77.946,6.138069e+12,3.526167e+03,1.384454e+23,29.555,14.599,3.949,1137.628174
2011.04.09_21:48:00_TAI,146.8,1.936712e+22,37.394,129.365,130.948,60.780,0.22187193,3.054682e+13,0.00270914,1526.256,80.131,6.261808e+12,3.505867e+03,1.377137e+23,29.652,14.889,4.011,1135.036743
2011.04.09_22:00:00_TAI,147.0,1.920507e+22,37.503,130.228,132.226,61.504,0.24003191,3.069040e+13,0.00332857,1547.902,97.048,7.366170e+12,3.560703e+03,1.378721e+23,29.768,15.102,3.969,1127.759521
2011.04.09_22:12:00_TAI,147.2,1.914133e+22,37.099,131.425,133.520,61.630,0.26937640,3.070257e+13,0.00368609,1562.761,105.853,7.074083e+12,3.633613e+03,1.385768e+23,29.472,14.375,4.001,1133.778687
2011.04.09_22:24:00_TAI,147.4,1.930676e+22,37.060,131.436,133.364,61.531,0.31849897,3.093015e+13,0.00252073,1556.579,73.394,5.596780e+12,3.570653e+03,1.380677e+23,29.567,14.724,3.888,1128.396240
2011.04.09_22:36:00_TAI,147.6,1.923440e+22,37.658,130.177,132.183,61.404,0.35774925,3.132705e+13,0.00205472,1557.752,60.312,5.627791e+12,3.568848e+03,1.391212e+23,30.125,15.777,3.950,1122.900146
2011.04.09_22:48:00_TAI,147.8,1.913040e+22,37.423,130.679,132.664,61.334,0.31883121,3.122290e+13,0.00155156,1564.420,45.140,5.491771e+12,3.539605e+03,1.367590e+23,30.017,15.340,3.991,1133.052002
2011.04.09_23:00:00_TAI,148.0,1.905833e+22,37.590,130.315,131.831,61.633,0.32230580,3.194934e+13,0.00212695,1585.533,61.879,5.691886e+12,3.558961e+03,1.375068e+23,30.250,15.784,3.855,1126.442017
2011.04.09_23:12:00_TAI,148.2,1.910446e+22,37.551,131.485,133.046,61.727,0.38766536,3.135599e+13,0.00205554,1548.554,59.857,5.956567e+12,3.520748e+03,1.361613e+23,30.091,16.030,3.699,1121.389648
2011.04.09_23:24:00_TAI,148.4,1.903916e+22,37.635,131.040,132.507,61.546,0.44496265,3.177435e+13,0.00174669,1549.688,50.811,6.830127e+12,3.532779e+03,1.364859e+23,30.430,16.266,3.934,1125.411133
2011.04.09_23:36:00_TAI,148.6,1.907308e+22,37.270,130.755,132.389,61.046,0.48968694,3.192376e+13,0.00212695,1565.141,61.775,7.505256e+12,3.544750e+03,1.367366e+23,30.004,16.240,3.882,1126.419434
2011.04.09_23:48:00_TAI,148.8,1.901414e+22,37.030,131.125,132.771,61.439,0.39678824,3.166611e+13,0.00252223,1557.797,72.849,6.267732e+12,3.557655e+03,1.364690e+23,29.833,15.998,3.769,1135.017944
2011.04.10_00:24:00_TAI,149.4,1.925019e+22,36.976,130.676,132.485,60.378,0.41567829,3.203323e+13,0.00192313,1561.065,56.763,6.475114e+12,3.430215e+03,1.344641e+23,29.685,15.506,3.800,1126.686768
2011.04.10_00:36:00_TAI,149.6,1.893316e+22,36.856,131.404,133.153,60.997,0.43555611,3.138968e+13,0.00230014,1539.643,66.168,6.612580e+12,3.455463e+03,1.320120e+23,29.614,15.302,3.767,1123.572510
2011.04.10_00:48:00_TAI,149.8,1.906664e+22,37.316,130.001,131.603,61.059,0.37314385,3.205898e+13,0.00330469,1556.912,96.976,6.019561e+12,3.446687e+03,1.343224e+23,29.868,15.866,3.686,1122.809448
2011.04.10_01:00:00_TAI,150.0,1.905021e+22,37.121,131.329,132.912,61.485,0.38382745,3.211595e+13,0.00287835,1575.166,84.039,5.915140e+12,3.453685e+03,1.339255e+23,29.694,15.374,3.704,1127.896973
2011.04.10_01:12:00_TAI,150.2,1.900334e+22,37.063,131.421,133.076,61.315,0.41099665,3.167064e+13,0.00262801,1547.462,76.175,6.288062e+12,3.467678e+03,1.334918e+23,29.451,14.820,3.649,1135.179688
2011.04.10_01:24:00_TAI,150.4,1.888386e+22,37.527,131.563,132.941,61.794,0.44338173,3.202136e+13,0.00243688,1549.959,70.555,6.775803e+12,3.512555e+03,1.350608e+23,30.050,16.023,3.734,1131.446533
2011.04.10_01:36:00_TAI,150.6,1.890292e+22,37.635,130.314,131.279,61.419,0.35959736,3.196881e+13,0.00232486,1554.021,67.658,5.524050e+12,3.501610e+03,1.353375e+23,30.254,16.448,3.581,1138.164673
2011.04.10_01:48:00_TAI,150.8,1.890600e+22,37.630,130.560,131.699,61.324,0.38274723,3.201122e+13,0.00144819,1544.380,42.248,5.894206e+12,3.471726e+03,1.345099e+23,30.162,16.110,3.381,1139.094238
2011.04.10_02:00:00_TAI,151.0,1.891388e+22,37.456,131.217,132.300,61.216,0.22238120,3.149053e+13,0.00082673,1523.359,23.975,3.404292e+12,3.457160e+03,1.331466e+23,29.787,15.603,3.376,1139.852905
2011.04.10_02:12:00_TAI,151.2,1.884862e+22,37.618,130.456,131.539,61.131,0.23317285,3.134915e+13,0.00154368,1526.564,44.614,3.557418e+12,3.478354e+03,1.335055e+23,29.844,15.788,3.358,1139.218506
2011.04.10_02:24:00_TAI,151.4,1.892799e+22,37.893,129.709,131.043,60.683,0.32341731,3.136921e+13,0.00107067,1522.225,31.169,4.970413e+12,3.501510e+03,1.353755e+23,29.950,15.873,3.482,1134.705444
2011.04.10_02:36:00_TAI,151.6,1.883246e+22,38.270,129.832,130.800,61.498,0.36670497,3.082946e+13,0.00060049,1494.757,17.363,5.597703e+12,3.504656e+03,1.345802e+23,30.066,16.299,3.632,1135.370972
2011.04.10_02:48:00_TAI,151.8,1.883305e+22,38.298,129.174,129.901,61.614,0.31472635,3.105065e+13,0.00111663,1519.394,32.284,4.803895e+12,3.496874e+03,1.342674e+23,30.113,16.038,3.500,1136.360107
2011.04.10_03:00:00_TAI,152.0,1.882897e+22,38.602,127.646,128.595,61.072,0.22932349,3.076376e+13,0.00111834,1509.707,32.583,3.527547e+12,3.491704e+03,1.351076e+23,30.330,16.849,3.672,1126.999512
2011.04.10_03:12:00_TAI,152.2,1.892165e+22,39.268,125.502,126.111,60.068,0.16767614,3.060891e+13,0.00108712,1483.091,32.361,2.635458e+12,3.472660e+03,1.372947e+23,30.846,17.461,3.466,1133.105469
2011.04.10_03:24:00_TAI,152.4,1.907178e+22,39.496,124.546,125.214,60.168,0.19369912,3.067216e+13,0.00087879,1481.855,26.625,3.098449e+12,3.456803e+03,1.390871e+23,30.920,17.721,3.362,1132.893188
2011.04.10_03:36:00_TAI,152.6,1.919470e+22,39.243,124.030,124.493,59.723,0.17447722,3.081991e+13,0.00083789,1492.877,25.640,2.819046e+12,3.442809e+03,1.399140e+23,30.866,17.163,3.487,1131.789673
2011.04.10_03:48:00_TAI,152.8,1.919877e+22,39.292,122.153,122.818,58.862,0.14562596,2.990934e+13,0.00096706,1446.102,29.658,2.358178e+12,3.417153e+03,1.391799e+23,30.959,16.972,3.399,1133.118896
2011.04.10_04:00:00_TAI,153.0,1.927446e+22,39.095,121.648,122.027,59.135,0.16034950,3.011389e+13,0.00090810,1453.153,28.092,2.619436e+12,3.384659e+03,1.390656e+23,30.644,16.543,3.585,1138.502197
2011.04.10_04:12:00_TAI,153.2,1.932922e+22,38.958,121.730,122.127,59.401,0.06001912,3.008466e+13,0.00048584,1448.986,15.104,9.853295e+11,3.417922e+03,1.411267e+23,30.472,16.075,3.490,1144.388428
2011.04.10_04:24:00_TAI,153.4,1.946903e+22,38.840,121.498,121.669,58.974,0.17168413,3.022713e+13,0.00134678,1455.678,42.296,2.847048e+12,3.377158e+03,1.408519e+23,30.627,15.832,3.645,1144.585693
2011.04.10_04:36:00_TAI,153.6,1.960760e+22,39.508,119.365,119.288,58.316,0.13480988,3.055882e+13,0.00090512,1457.564,29.168,2.293975e+12,3.325877e+03,1.423350e+23,31.079,17.130,3.560,1143.842285
2011.04.10_04:48:00_TAI,153.8,1.972432e+22,39.288,118.666,118.685,57.479,0.17336270,3.018796e+13,0.00113081,1419.743,36.795,2.978892e+12,3.279893e+03,1.417391e+23,30.825,16.401,3.595,1146.442993
2011.04.10_05:00:00_TAI,154.0,1.979338e+22,39.374,117.337,117.624,56.892,0.24074925,3.005367e+13,0.00140936,1412.225,46.261,4.173096e+12,3.271463e+03,1.426131e+23,31.188,16.987,3.632,1159.443726
2011.04.10_05:12:00_TAI,154.2,1.982525e+22,39.741,116.924,117.400,56.616,0.22890060,3.049190e+13,0.00105482,1419.458,35.104,4.022892e+12,3.234299e+03,1.429517e+23,31.356,17.442,3.611,1169.220947
2011.04.10_05:24:00_TAI,154.4,2.010613e+22,40.142,117.441,117.927,56.686,0.22642876,3.209027e+13,0.00138178,1476.236,47.064,4.072650e+12,3.239906e+03,1.465513e+23,31.850,18.191,3.775,1171.445679
2011.04.10_05:36:00_TAI,154.6,2.011659e+22,40.505,117.283,117.566,56.911,0.32599860,3.276477e+13,0.00112491,1495.597,38.671,5.918374e+12,3.216841e+03,1.468665e+23,32.147,18.622,3.744,1178.393188
2011.04.10_05:48:00_TAI,154.8,2.022981e+22,40.643,116.868,117.534,56.409,0.27360550,3.321970e+13,0.00099394,1518.607,34.403,5.001348e+12,3.252221e+03,1.495011e+23,32.495,19.333,3.745,1178.296021
2011.04.10_06:24:00_TAI,155.4,1.987330e+22,40.534,120.367,121.634,58.325,0.31184012,3.513317e+13,-0.00016499,1628.198,5.493,5.482508e+12,3.412406e+03,1.508691e+23,32.538,19.660,3.629,1195.155762
2011.04.10_06:36:00_TAI,155.6,1.944816e+22,40.505,122.265,123.409,59.446,0.33112162,3.468564e+13,-0.00060439,1627.285,19.341,5.595769e+12,3.491251e+03,1.483692e+23,32.331,19.612,3.862,1182.423218
2011.04.10_06:48:00_TAI,155.8,1.905614e+22,40.371,123.309,124.900,60.294,0.22338714,3.360464e+13,-0.00072379,1606.640,22.270,3.630021e+12,3.585636e+03,1.465231e+23,32.291,19.451,3.850,1190.223755
2011.04.10_07:00:00_TAI,156.0,1.874402e+22,40.226,123.689,125.201,60.644,0.33762974,3.261218e+13,-0.00175466,1576.987,52.301,5.314754e+12,3.651885e+03,1.445599e+23,32.115,19.197,3.962,1202.113281
2011.04.10_07:12:00_TAI,156.2,1.852752e+22,40.072,125.414,126.576,62.152,0.28697363,3.271045e+13,-0.00204885,1584.443,59.730,4.418242e+12,3.711437e+03,1.436937e+23,31.985,18.890,3.947,1203.077759
2011.04.10_07:24:00_TAI,156.4,1.838682e+22,40.342,125.095,125.962,62.851,0.28050470,3.193710e+13,-0.00159769,1554.875,46.045,4.269310e+12,3.764938e+03,1.441001e+23,31.867,18.619,3.976,1201.393677
2011.04.10_07:36:00_TAI,156.6,1.841742e+22,40.352,125.256,125.790,63.487,0.26875180,3.190576e+13,-0.00286878,1558.857,82.928,4.102909e+12,3.815253e+03,1.464718e+23,31.753,18.569,3.825,1207.685181
2011.04.10_07:48:00_TAI,156.8,1.850412e+22,41.002,124.299,124.618,63.854,0.22437598,3.195101e+13,-0.00161960,1537.279,47.658,3.486928e+12,3.801421e+03,1.485610e+23,32.129,18.976,3.957,1213.584595
2011.04.10_08:00:00_TAI,157.0,1.871952e+22,41.184,124.055,124.428,63.943,0.14689092,3.265082e+13,-0.00219369,1572.177,65.782,2.326195e+12,3.773879e+03,1.502913e+23,32.140,18.958,3.888,1218.204224
2011.04.10_08:12:00_TAI,157.2,1.876860e+22,41.588,123.735,123.668,64.250,0.17142946,3.238654e+13,-0.00203563,1539.249,61.684,2.743471e+12,3.740828e+03,1.505499e+23,32.350,19.113,4.014,1215.429565
2011.04.10_08:24:00_TAI,157.4,1.893787e+22,41.451,122.955,122.351,63.730,0.05858875,3.258332e+13,-0.00191621,1550.020,59.019,1.193221e+12,3.696356e+03,1.511949e+23,32.064,18.425,3.814,1213.171387
2011.04.10_08:36:00_TAI,157.6,1.890209e+22,41.544,121.275,120.353,62.914,0.18156068,3.213051e+13,-0.00257944,1522.373,79.955,3.798648e+12,3.639049e+03,1.498029e+23,32.257,18.541,3.820,1218.248291
2011.04.10_08:48:00_TAI,157.8,1.896345e+22,41.770,119.395,118.390,62.455,0.14945985,3.176818e+13,-0.00244981,1490.312,77.174,2.486365e+12,3.576483e+03,1.496260e+23,32.418,19.018,3.968,1218.560425
2011.04.10_09:00:00_TAI,158.0,1.899743e+22,41.712,119.033,117.925,62.519,0.14911473,3.200660e+13,-0.00138807,1490.326,44.150,2.504767e+12,3.586539e+03,1.515089e+23,32.349,18.479,3.995,1218.365723
2011.04.10_09:12:00_TAI,158.2,1.911258e+22,42.030,117.749,116.405,61.725,0.16379929,3.276145e+13,-0.00201139,1504.661,65.636,2.822670e+12,3.530508e+03,1.530054e+23,32.701,19.422,3.639,1229.266846
2011.04.10_09:24:00_TAI,158.4,1.927401e+22,42.285,115.688,114.492,60.820,0.12262595,3.340839e+13,-0.00156799,1516.309,52.498,2.168096e+12,3.466545e+03,1.541419e+23,32.917,19.569,3.738,1226.591553
2011.04.10_09:36:00_TAI,158.6,1.943751e+22,42.286,115.037,113.801,60.706,0.09141371,3.332615e+13,-0.00224100,1521.212,75.979,1.955247e+12,3.487999e+03,1.570553e+23,33.156,19.897,3.704,1228.698486
2011.04.10_09:48:00_TAI,158.8,1.954125e+22,42.440,114.248,113.258,60.220,0.14734007,3.422161e+13,-0.00215822,1540.049,74.277,2.677639e+12,3.445300e+03,1.574708e+23,33.313,20.145,3.764,1221.366943
2011.04.10_10:00:00_TAI,159.0,1.970958e+22,42.603,114.232,113.236,60.328,0.12195952,3.457157e+13,-0.00202163,1535.303,70.595,2.248876e+12,3.426158e+03,1.588937e+23,33.375,20.486,3.634,1224.473022
2011.04.10_10:12:00_TAI,159.2,1.985569e+22,42.776,112.729,112.065,59.672,0.15118094,3.486130e+13,-0.00172276,1537.464,61.265,2.838902e+12,3.403110e+03,1.607263e+23,33.550,20.794,3.761,1223.439209
2011.04.10_10:24:00_TAI,159.4,1.987464e+22,42.473,112.891,112.368,59.356,0.18616337,3.501752e+13,-0.00228298,1555.236,81.034,3.489155e+12,3.371670e+03,1.589414e+23,33.393,20.681,3.862,1228.784668
2011.04.10_10:36:00_TAI,159.6,1.995961e+22,42.639,112.961,112.398,59.317,0.13694602,3.540238e+13,-0.00152139,1553.316,54.466,2.588704e+12,3.352850e+03,1.594123e+23,33.534,20.893,3.788,1222.814331
2011.04.10_10:48:00_TAI,159.8,1.993506e+22,42.798,112.821,112.074,59.382,0.12512562,3.557483e+13,-0.00174585,1561.761,62.653,2.371027e+12,3.308561e+03,1.576932e+23,33.610,20.881,3.809,1216.525146
2011.04.10_11:00:00_TAI,160.0,1.997779e+22,42.730,113.116,112.126,59.436,0.19740583,3.605584e+13,-0.00170953,1569.397,61.678,3.760607e+12,3.314641e+03,1.588283e+23,33.571,20.897,3.824,1211.907593
2011.04.10_11:12:00_TAI,160.2,2.010521e+22,42.507,113.677,112.793,59.820,0.15347406,3.622126e+13,-0.00196728,1587.459,70.775,2.915210e+12,3.348743e+03,1.599998e+23,33.477,20.883,3.841,1213.359253
2011.04.10_11:24:00_TAI,160.4,2.017488e+22,42.303,114.005,113.512,59.878,0.20721072,3.617349e+13,-0.00205180,1602.875,73.693,3.929166e+12,3.378345e+03,1.611405e+23,33.290,20.389,3.844,1223.197388
2011.04.10_11:36:00_TAI,160.6,2.009386e+22,42.246,114.439,114.321,59.823,0.16669331,3.605799e+13,-0.00198737,1599.139,70.683,3.130081e+12,3.365603e+03,1.589727e+23,33.037,20.027,3.777,1232.183838
2011.04.10_11:48:00_TAI,160.8,2.018743e+22,42.578,114.534,114.337,60.279,0.24710546,3.601133e+13,-0.00271761,1584.531,97.274,4.669654e+12,3.378786e+03,1.606185e+23,33.438,20.492,3.768,1236.376099
2011.04.10_12:00:00_TAI,161.0,2.014234e+22,42.675,115.275,115.142,60.378,0.19290978,3.601259e+13,-0.00212213,1592.553,75.720,3.633801e+12,3.366685e+03,1.595336e+23,33.353,20.168,3.751,1233.093018
2011.04.10_12:12:00_TAI,161.2,2.028968e+22,42.364,115.769,115.450,60.536,0.22439300,3.611307e+13,-0.00148587,1602.244,53.265,4.246526e+12,3.348170e+03,1.593988e+23,33.228,20.037,3.455,1236.910156
2011.04.10_12:24:00_TAI,161.4,2.021417e+22,42.301,116.442,116.011,60.832,0.28042805,3.646486e+13,-0.00128392,1616.004,45.622,5.260499e+12,3.382171e+03,1.596116e+23,33.212,19.814,3.574,1241.937012
2011.04.10_12:36:00_TAI,161.6,2.017382e+22,42.407,115.420,114.340,60.469,0.17708376,3.577321e+13,-0.00147742,1574.616,52.928,3.349005e+12,3.355609e+03,1.596549e+23,33.335,20.066,3.701,1253.858276
2011.04.10_12:48:00_TAI,161.8,2.024382e+22,42.544,115.704,114.744,60.761,0.17655368,3.633578e+13,-0.00170726,1601.233,61.584,3.362015e+12,3.338517e+03,1.599413e+23,33.275,20.242,3.544,1253.016479
2011.04.10_13:00:00_TAI,162.0,2.027589e+22,42.455,116.527,115.659,60.735,0.12987496,3.651568e+13,-0.00114627,1598.323,41.244,2.466840e+12,3.376784e+03,1.613665e+23,33.434,20.360,3.779,1259.081421
2011.04.10_13:12:00_TAI,162.2,2.025511e+22,42.565,117.136,116.302,61.052,0.20185664,3.630304e+13,-0.00119621,1603.992,42.904,3.821713e+12,3.372047e+03,1.606251e+23,33.412,20.272,3.594,1259.531738
2011.04.10_13:24:00_TAI,162.4,2.035320e+22,42.375,117.593,116.592,61.335,0.19184668,3.619894e+13,-0.00113528,1605.033,40.797,3.638999e+12,3.381297e+03,1.613711e+23,33.150,20.041,3.743,1252.046265
2011.04.10_13:36:00_TAI,162.6,2.022603e+22,42.504,117.663,116.333,61.476,0.23993222,3.552813e+13,-0.00119825,1575.364,42.749,4.518068e+12,3.426650e+03,1.623524e+23,33.291,20.193,3.719,1252.130249
2011.04.10_13:48:00_TAI,162.8,2.037590e+22,42.781,116.150,114.606,61.248,0.24891797,3.569911e+13,-0.00120574,1571.026,43.936,4.787545e+12,3.372663e+03,1.632165e+23,33.414,20.189,3.696,1249.710083
2011.04.10_14:00:00_TAI,163.0,2.037347e+22,42.832,115.954,114.339,61.091,0.20699422,3.614691e+13,-0.00106946,1580.784,39.066,3.990953e+12,3.391194e+03,1.645186e+23,33.617,20.531,3.690,1261.357544
2011.04.10_14:12:00_TAI,163.2,2.040469e+22,42.553,116.789,115.056,61.652,0.14952707,3.593305e+13,-0.00075794,1594.591,27.475,2.860878e+12,3.436108e+03,1.654243e+23,33.314,20.397,3.651,1265.797729
2011.04.10_14:24:00_TAI,163.4,2.037788e+22,42.712,116.213,114.567,61.511,0.13823679,3.584297e+13,-0.00123223,1593.264,44.591,2.640284e+12,3.476424e+03,1.670790e+23,33.478,20.517,3.633,1264.503662
2011.04.10_14:36:00_TAI,163.6,2.028548e+22,42.526,116.571,114.956,61.774,0.08113742,3.528293e+13,-0.00120693,1577.213,43.112,2.160153e+12,3.500349e+03,1.660487e+23,33.322,20.092,3.805,1272.038086
2011.04.10_14:48:00_TAI,163.8,2.020712e+22,42.800,116.603,114.950,62.248,0.13779284,3.488168e+13,-0.00124895,1559.364,44.516,2.591997e+12,3.496777e+03,1.655216e+23,33.395,20.214,3.775,1273.060913
2011.04.10_15:00:00_TAI,164.0,2.028478e+22,42.785,116.834,115.150,62.560,0.14399703,3.530814e+13,-0.00137684,1572.034,49.171,2.714048e+12,3.539144e+03,1.678608e+23,33.447,20.208,3.665,1269.654297
2011.04.10_15:12:00_TAI,164.2,2.008174e+22,42.617,118.142,116.755,63.253,0.08108988,3.430262e+13,-0.00174159,1563.917,60.733,2.768849e+12,3.566580e+03,1.651739e+23,33.072,19.663,3.751,1270.886108
2011.04.10_15:24:00_TAI,164.4,2.004796e+22,42.604,119.063,117.573,63.826,0.12526143,3.418845e+13,-0.00192389,1561.660,66.455,2.283499e+12,3.628335e+03,1.664533e+23,33.156,20.270,3.802,1274.534790
2011.04.10_15:36:00_TAI,164.6,2.004806e+22,42.940,118.847,117.392,63.834,0.14341359,3.423529e+13,-0.00206713,1563.352,71.508,2.766559e+12,3.685752e+03,1.693273e+23,33.354,20.493,3.919,1266.256226
2011.04.10_15:48:00_TAI,164.8,1.998408e+22,42.932,119.099,117.567,64.188,0.15037045,3.373798e+13,-0.00226401,1540.936,77.189,3.216574e+12,3.770494e+03,1.707267e+23,33.361,20.504,3.986,1268.353149
2011.04.10_16:00:00_TAI,165.0,1.985529e+22,42.707,120.796,119.345,65.057,0.11383978,3.398225e+13,-0.00279131,1566.427,93.037,4.191961e+12,3.831299e+03,1.695926e+23,33.270,20.305,3.908,1279.689697
2011.04.10_16:12:00_TAI,165.2,1.989878e+22,42.577,122.501,121.018,65.705,0.07119408,3.398233e+13,-0.00241926,1596.839,79.610,1.236287e+12,3.876370e+03,1.694050e+23,33.167,20.035,3.855,1282.731689
2011.04.10_16:24:00_TAI,165.4,1.976444e+22,41.965,125.243,124.199,66.561,0.11961752,3.332153e+13,-0.00284967,1596.670,90.543,2.647330e+12,3.946960e+03,1.665457e+23,32.530,19.145,3.547,1283.823730
2011.04.10_16:36:00_TAI,165.6,1.978215e+22,42.163,125.327,124.181,66.741,0.01549685,3.353638e+13,-0.00285900,1599.746,90.462,3.240469e+12,4.008111e+03,1.684288e+23,32.669,19.553,3.750,1287.823730
2011.04.10_16:48:00_TAI,165.8,1.978844e+22,41.912,125.328,124.693,66.579,0.07308571,3.366365e+13,-0.00289934,1629.614,90.874,2.872732e+12,4.056217e+03,1.688504e+23,32.529,19.320,3.616,1286.759277
2011.04.10_17:00:00_TAI,166.0,1.978977e+22,41.697,125.805,125.772,66.225,0.05157629,3.326746e+13,-0.00278372,1618.342,86.351,1.407228e+12,4.093427e+03,1.686326e+23,32.303,19.107,3.379,1293.843750
2011.04.10_17:12:00_TAI,166.2,1.990235e+22,41.425,126.118,126.114,65.575,0.10148126,3.398864e+13,-0.00252968,1659.807,78.630,1.664532e+12,4.112544e+03,1.697696e+23,32.412,19.167,3.539,1296.780884
2011.04.10_17:24:00_TAI,166.4,2.008213e+22,41.263,125.965,126.485,64.357,0.20089729,3.470499e+13,-0.00262331,1686.913,82.598,3.338005e+12,4.069463e+03,1.701746e+23,32.352,19.303,3.591,1297.274292
2011.04.10_17:36:00_TAI,166.6,2.027516e+22,41.158,125.118,125.971,64.302,0.06088506,3.501464e+13,-0.00274948,1687.622,87.620,1.023873e+12,4.071275e+03,1.723104e+23,32.402,18.993,3.761,1294.084473
2011.04.10_17:48:00_TAI,166.8,2.061963e+22,40.982,124.288,125.272,63.545,0.16234902,3.508355e+13,-0.00231435,1678.586,75.274,2.786334e+12,3.997855e+03,1.726858e+23,32.482,19.081,3.496,1298.784790
2011.04.10_18:24:00_TAI,167.4,2.178807e+22,41.825,119.812,120.749,60.516,0.10256299,3.747949e+13,-0.00267226,1727.762,97.781,1.980312e+12,3.732102e+03,1.813595e+23,33.381,20.934,3.200,1290.918945
2011.04.10_18:36:00_TAI,167.6,2.211611e+22,42.027,118.513,118.978,60.220,0.11676538,3.744934e+13,-0.00257522,1705.821,96.705,2.313758e+12,3.692012e+03,1.841233e+23,33.580,21.083,3.629,1298.196655
2011.04.10_18:48:00_TAI,167.8,2.255056e+22,41.811,117.453,117.956,59.505,0.09292477,3.773437e+13,-0.00240991,1704.291,93.370,1.900003e+12,3.628232e+03,1.867055e+23,33.519,21.069,3.693,1303.685425
2011.04.10_19:00:00_TAI,168.0,2.247232e+22,41.967,117.061,117.289,59.514,0.10465208,3.661264e+13,-0.00239627,1671.790,91.959,2.119317e+12,3.662731e+03,1.866761e+23,33.205,20.452,3.644,1308.043579
2011.04.10_19:12:00_TAI,168.2,2.232211e+22,42.097,116.930,117.153,59.431,0.06422792,3.653944e+13,-0.00185764,1672.038,70.704,1.289986e+12,3.692679e+03,1.866527e+23,33.316,20.664,3.502,1305.505005
2011.04.10_19:24:00_TAI,168.4,2.231749e+22,42.584,116.275,116.235,59.756,0.09833910,3.639146e+13,-0.00181537,1656.132,69.710,1.992913e+12,3.675213e+03,1.874440e+23,33.743,21.352,3.595,1303.061035
2011.04.10_19:36:00_TAI,168.6,2.216607e+22,42.179,116.639,116.360,60.226,0.08156990,3.567314e+13,-0.00171271,1638.761,64.720,1.626621e+12,3.725220e+03,1.869520e+23,33.443,20.691,3.645,1294.319580
2011.04.10_19:48:00_TAI,168.8,2.221682e+22,42.383,117.249,116.596,60.535,0.00630004,3.585633e+13,-0.00118356,1654.116,44.758,4.120245e+11,3.704559e+03,1.860478e+23,33.571,21.182,3.780,1294.968018
2011.04.10_20:00:00_TAI,169.0,2.206821e+22,42.505,118.648,118.240,61.002,0.07476650,3.543194e+13,-0.00170786,1661.714,63.355,1.920370e+12,3.756000e+03,1.850448e+23,33.522,20.899,3.743,1292.098633
2011.04.10_20:12:00_TAI,169.2,2.200088e+22,42.612,119.962,119.559,61.887,0.05668147,3.574337e+13,-0.00154637,1683.781,56.727,1.388434e+12,3.792720e+03,1.847837e+23,33.365,20.640,3.678,1285.522705
2011.04.10_20:24:00_TAI,169.4,2.191919e+22,42.482,121.613,121.092,62.752,0.10815935,3.566110e+13,-0.00199419,1683.406,72.178,2.398604e+12,3.820565e+03,1.836491e+23,33.270,20.345,3.496,1280.706665
2011.04.10_20:36:00_TAI,169.6,2.183441e+22,42.682,122.934,122.630,63.815,0.00334095,3.591830e+13,-0.00194136,1711.890,69.161,1.770080e+12,3.921027e+03,1.855100e+23,33.451,20.904,3.399,1276.903564
2011.04.10_20:48:00_TAI,169.8,2.178394e+22,42.329,124.405,124.291,64.417,0.04979600,3.603445e+13,-0.00193316,1719.970,67.852,1.995937e+12,3.963619e+03,1.847564e+23,33.132,20.596,3.461,1273.716064
2011.04.10_21:00:00_TAI,170.0,2.169974e+22,41.980,126.530,126.640,65.656,0.04406089,3.566938e+13,-0.00139543,1724.050,47.937,7.989152e+11,4.044766e+03,1.845476e+23,32.827,20.093,3.455,1269.646118
2011.04.10_21:12:00_TAI,170.2,2.145600e+22,41.547,128.329,128.605,66.124,0.15981987,3.497962e+13,-0.00123006,1718.655,41.129,2.820497e+12,4.113116e+03,1.826518e+23,32.668,19.885,3.554,1263.264038
2011.04.10_21:24:00_TAI,170.4,2.138733e+22,41.218,129.776,130.316,66.500,0.04176001,3.551763e+13,-0.00130602,1733.030,43.165,7.284895e+11,4.146092e+03,1.819907e+23,32.423,19.457,3.764,1268.912598
2011.04.10_21:36:00_TAI,170.6,2.161413e+22,41.370,129.911,130.734,66.290,0.14592612,3.604125e+13,-0.00120864,1742.478,40.571,2.585439e+12,4.166218e+03,1.857292e+23,32.624,19.942,3.722,1272.505737
2011.04.10_21:48:00_TAI,170.8,2.156960e+22,41.378,129.224,130.085,66.438,0.12795477,3.609285e+13,-0.00158489,1733.826,53.141,2.264660e+12,4.166632e+03,1.855484e+23,32.436,19.903,3.723,1275.250854
2011.04.10_22:00:00_TAI,171.0,2.155918e+22,41.256,129.243,130.471,65.960,0.04180216,3.670183e+13,-0.00137853,1757.530,46.105,1.159907e+12,4.177627e+03,1.855609e+23,32.671,20.050,3.664,1269.319580
2011.04.10_22:12:00_TAI,171.2,2.158672e+22,41.183,130.414,131.675,65.985,0.21093309,3.670524e+13,-0.00232512,1756.214,77.782,3.724806e+12,4.165750e+03,1.850776e+23,32.764,20.344,3.728,1271.171509
2011.04.10_22:24:00_TAI,171.4,2.172783e+22,40.909,130.360,131.565,65.528,0.05391338,3.631190e+13,-0.00164326,1757.421,55.261,9.571053e+11,4.095699e+03,1.829281e+23,32.460,19.869,3.796,1272.425537
2011.04.10_22:36:00_TAI,171.6,2.191845e+22,40.772,130.518,131.664,65.648,0.24040578,3.672287e+13,-0.00140950,1756.334,47.999,4.321646e+12,4.057401e+03,1.834969e+23,32.514,19.707,3.651,1268.777100
2011.04.10_22:48:00_TAI,171.8,2.203569e+22,40.823,129.349,130.467,64.832,0.12477918,3.699252e+13,-0.00035320,1757.640,12.207,2.594171e+12,4.031754e+03,1.850516e+23,32.542,19.997,3.892,1275.264160
2011.04.10_23:00:00_TAI,172.0,2.216002e+22,40.868,129.088,130.352,64.335,0.24830115,3.747166e+13,-0.00070903,1765.634,24.810,4.586801e+12,3.980732e+03,1.849883e+23,32.685,20.170,3.716,1264.729614
2011.04.10_23:12:00_TAI,172.2,2.220856e+22,40.731,129.229,130.751,64.300,0.20007771,3.728602e+13,-0.00078278,1753.116,27.534,3.715640e+12,3.946584e+03,1.843710e+23,32.397,19.683,3.786,1272.632080
2011.04.10_23:24:00_TAI,172.4,2.223747e+22,40.876,127.735,129.164,63.961,0.22633870,3.693130e+13,-0.00034505,1742.012,12.220,4.232146e+12,3.927644e+03,1.847382e+23,32.553,19.886,3.963,1269.363281
2011.04.10_23:36:00_TAI,172.6,2.217799e+22,41.111,126.865,128.168,63.577,0.20644829,3.685529e+13,-0.00010924,1729.770,3.876,3.867873e+12,3.930631e+03,1.852387e+23,32.853,20.546,3.921,1273.435059
2011.04.10_23:48:00_TAI,172.8,2.230642e+22,40.831,126.316,127.680,63.094,0.22214542,3.691063e+13,-0.00011516,1729.388,4.105,4.180514e+12,3.856826e+03,1.825647e+23,32.574,20.071,3.767,1277.042603
2011.04.11_00:00:00_TAI,173.0,2.227516e+22,40.936,126.732,127.920,63.376,0.15335956,3.702037e+13,-0.00023282,1738.798,8.271,2.876585e+12,3.825517e+03,1.804832e+23,32.776,20.183,3.690,1275.709961
2011.04.11_00:12:00_TAI,173.2,2.238587e+22,40.719,127.219,128.274,63.417,0.20313339,3.703123e+13,-0.00077702,1752.458,27.718,3.826307e+12,3.806504e+03,1.803394e+23,32.533,19.933,3.517,1269.371948
2011.04.11_00:24:00_TAI,173.4,2.214080e+22,40.792,126.841,127.791,63.228,0.20254384,3.596671e+13,-0.00067833,1706.494,23.861,3.762174e+12,3.841336e+03,1.794542e+23,32.584,19.857,3.684,1271.673828
2011.04.11_00:36:00_TAI,173.6,2.216227e+22,40.811,126.069,127.243,62.765,0.24417385,3.608297e+13,-0.00138894,1705.321,49.027,4.551186e+12,3.806882e+03,1.784564e+23,32.587,19.925,3.647,1264.180054
2011.04.11_00:48:00_TAI,173.8,2.220618e+22,40.767,125.344,126.638,62.325,0.20447709,3.639669e+13,-0.00123175,1715.113,43.807,3.840338e+12,3.794368e+03,1.792202e+23,32.582,20.061,3.686,1263.437866
2011.04.11_01:00:00_TAI,174.0,2.224690e+22,40.835,125.249,125.983,62.298,0.16141522,3.633354e+13,-0.00072556,1708.437,25.844,3.036199e+12,3.821072e+03,1.807505e+23,32.749,20.062,3.717,1251.463745
2011.04.11_01:12:00_TAI,174.2,2.215186e+22,40.562,126.681,127.953,62.772,0.13907981,3.614048e+13,-0.00090173,1708.575,31.586,2.572750e+12,3.864385e+03,1.797663e+23,32.499,19.898,3.749,1259.716919
2011.04.11_01:24:00_TAI,174.4,2.211017e+22,40.566,127.555,128.589,63.317,0.22544746,3.645669e+13,-0.00025659,1729.567,8.945,4.150782e+12,3.874773e+03,1.793954e+23,32.319,20.005,3.614,1252.151001
2011.04.11_01:36:00_TAI,174.6,2.215553e+22,40.694,127.085,128.119,63.275,0.17595659,3.654039e+13,-0.00012126,1738.979,4.249,3.256793e+12,3.872006e+03,1.802134e+23,32.436,20.019,3.712,1251.646606
2011.04.11_01:48:00_TAI,174.8,2.216772e+22,40.395,127.828,128.518,63.624,0.08635935,3.667284e+13,-0.00023637,1748.679,8.237,1.888763e+12,3.908661e+03,1.809020e+23,32.343,19.638,3.678,1264.809570
2011.04.11_02:00:00_TAI,175.0,2.209846e+22,40.153,128.805,129.669,63.729,0.17051162,3.631397e+13,-0.00002676,1731.520,0.920,3.094700e+12,3.937814e+03,1.797045e+23,32.046,19.265,3.628,1268.756348
2011.04.11_02:12:00_TAI,175.2,2.197047e+22,40.093,129.619,130.549,64.608,0.14513093,3.600386e+13,-0.00037975,1735.121,12.822,2.588369e+12,4.012238e+03,1.799198e+23,31.948,19.001,3.584,1261.855225
2011.04.11_02:24:00_TAI,175.4,2.194251e+22,40.399,130.016,130.783,64.558,0.26870611,3.614754e+13,-0.00116553,1747.683,39.267,4.781654e+12,4.038097e+03,1.806717e+23,32.239,19.528,3.510,1264.549316
2011.04.11_02:36:00_TAI,175.6,2.194372e+22,40.634,130.034,130.706,64.862,0.18718964,3.577207e+13,-0.00123036,1742.184,41.439,3.330267e+12,4.024855e+03,1.800312e+23,32.455,19.857,3.542,1261.599976
2011.04.11_02:48:00_TAI,175.8,2.181100e+22,40.299,131.033,131.537,65.545,0.24602115,3.504816e+13,-0.00050503,1741.343,16.693,4.295443e+12,4.075036e+03,1.788772e+23,32.023,19.154,3.564,1260.042725
2011.04.11_03:00:00_TAI,176.0,2.173390e+22,40.134,131.619,132.035,66.158,0.14742967,3.493781e+13,-0.00074331,1731.573,24.334,2.549686e+12,4.109760e+03,1.786876e+23,31.851,18.788,3.584,1258.990112
2011.04.11_03:12:00_TAI,176.2,2.180044e+22,40.447,130.171,130.545,65.679,0.20078556,3.504187e+13,-0.00065488,1734.737,21.657,3.507743e+12,4.121345e+03,1.810084e+23,31.979,19.032,3.668,1260.201416
2011.04.11_03:24:00_TAI,176.4,2.187432e+22,40.706,130.152,130.314,65.901,0.15063775,3.547531e+13,-0.00087717,1747.897,29.181,2.647321e+12,4.104520e+03,1.813379e+23,32.211,19.289,3.851,1266.634399
2011.04.11_03:36:00_TAI,176.6,2.187337e+22,40.979,130.172,130.186,66.412,0.06175287,3.519216e+13,-0.00095038,1731.974,31.646,1.086289e+12,4.137889e+03,1.829826e+23,32.503,19.734,3.713,1260.716431
2011.04.11_03:48:00_TAI,176.8,2.181972e+22,41.135,128.976,129.081,65.832,0.09042395,3.490691e+13,-0.00109146,1731.781,36.316,1.589481e+12,4.158668e+03,1.837633e+23,32.556,20.233,3.680,1264.019653
2011.04.11_04:00:00_TAI,177.0,2.193724e+22,41.355,128.144,127.928,65.490,0.05318799,3.482553e+13,-0.00134803,1728.507,45.464,9.477222e+11,4.151773e+03,1.859619e+23,32.777,20.467,3.659,1272.249023
2011.04.11_04:12:00_TAI,177.2,2.207344e+22,41.177,127.977,127.392,65.656,0.01484627,3.485408e+13,-0.00059030,1714.734,20.094,2.670043e+11,4.119297e+03,1.862250e+23,32.617,19.923,3.611,1266.600464
2011.04.11_04:24:00_TAI,177.4,2.216046e+22,41.311,126.695,125.888,65.268,0.06892475,3.514147e+13,-0.00062253,1718.916,21.561,1.261240e+12,4.028452e+03,1.852959e+23,32.757,20.211,3.583,1278.621338
2011.04.11_04:36:00_TAI,177.6,2.222319e+22,41.275,125.197,124.346,64.346,0.06418620,3.520706e+13,-0.00065074,1716.151,22.760,1.186117e+12,3.995602e+03,1.855944e+23,32.731,19.951,3.599,1285.770630
2011.04.11_04:48:00_TAI,177.8,2.233699e+22,41.635,122.699,121.767,63.088,0.06214748,3.496127e+13,-0.00041856,1688.397,15.003,1.176931e+12,3.916187e+03,1.864148e+23,32.919,20.258,3.625,1291.278687
2011.04.11_05:00:00_TAI,178.0,2.251932e+22,41.156,122.313,121.419,62.786,0.15699275,3.522030e+13,-0.00051517,1699.168,18.632,3.000089e+12,3.889507e+03,1.868236e+23,32.531,19.644,3.633,1288.972900
2011.04.11_05:12:00_TAI,178.2,2.266130e+22,40.980,121.214,120.659,61.272,0.12410755,3.534979e+13,-0.00095966,1691.388,35.275,2.410450e+12,3.832874e+03,1.871117e+23,32.402,19.522,3.604,1292.280029
2011.04.11_05:24:00_TAI,178.4,2.275722e+22,40.990,120.618,120.106,61.139,0.03674689,3.558443e+13,-0.00062299,1699.081,23.049,7.183382e+11,3.800662e+03,1.867404e+23,32.501,19.434,3.742,1302.302856
2011.04.11_05:36:00_TAI,178.6,2.281630e+22,40.902,120.224,119.879,60.777,0.12506045,3.558338e+13,-0.00060115,1677.938,22.418,2.464239e+12,3.775981e+03,1.870071e+23,32.541,19.575,3.788,1299.332031
2011.04.11_05:48:00_TAI,178.8,2.279439e+22,41.130,119.382,119.312,60.021,0.05153174,3.559523e+13,-0.00073309,1670.984,27.575,1.130457e+12,3.723728e+03,1.860215e+23,32.773,19.766,3.831,1302.198486
2011.04.11_06:24:00_TAI,179.4,2.290482e+22,40.999,120.705,120.870,60.306,0.14393121,3.730660e+13,-0.00117269,1729.879,44.023,2.855027e+12,3.761478e+03,1.875277e+23,32.886,20.285,3.882,1309.205566
2011.04.11_06:36:00_TAI,179.6,2.273031e+22,40.862,121.738,122.306,60.589,0.13732292,3.758017e+13,-0.00170783,1759.618,62.992,2.676356e+12,3.794848e+03,1.858853e+23,32.869,19.960,3.843,1319.835938
2011.04.11_06:48:00_TAI,179.8,2.249428e+22,40.904,123.789,124.343,61.786,0.23096237,3.757135e+13,-0.00223255,1761.919,80.727,4.412998e+12,3.854047e+03,1.850794e+23,32.900,20.224,3.830,1321.371216
2011.04.11_07:00:00_TAI,180.0,2.216320e+22,40.748,124.350,124.984,62.221,0.23682861,3.694365e+13,-0.00212355,1762.354,74.615,4.397322e+12,3.900906e+03,1.820403e+23,32.729,19.978,3.588,1328.655762
2011.04.11_07:12:00_TAI,180.2,2.189453e+22,40.089,125.274,125.836,62.427,0.21737909,3.570803e+13,-0.00227684,1736.415,77.463,3.908004e+12,3.936560e+03,1.778697e+23,32.138,18.975,3.590,1330.590820
2011.04.11_07:24:00_TAI,180.4,2.151127e+22,39.871,126.610,127.456,63.362,0.15256131,3.476857e+13,-0.00308109,1719.754,100.958,3.156016e+12,4.018820e+03,1.748831e+23,31.628,18.021,3.709,1324.294067
2011.04.11_07:36:00_TAI,180.6,2.124217e+22,39.816,127.736,128.300,64.559,0.18801615,3.440724e+13,-0.00328669,1713.130,105.006,3.174058e+12,4.125713e+03,1.750527e+23,31.466,17.976,3.697,1321.252441
2011.04.11_07:48:00_TAI,180.8,2.109495e+22,39.538,128.605,129.212,65.212,0.16063701,3.334128e+13,-0.00317575,1682.193,99.442,3.158420e+12,4.168779e+03,1.733589e+23,31.251,17.638,3.664,1322.821655
2011.04.11_08:00:00_TAI,181.0,2.082702e+22,39.338,130.040,130.169,66.154,0.18099003,3.283374e+13,-0.00346542,1676.246,105.789,3.620773e+12,4.266008e+03,1.729492e+23,31.197,17.064,3.677,1319.286499
2011.04.11_08:12:00_TAI,181.2,2.068447e+22,39.539,129.594,129.137,66.785,0.10860476,3.241972e+13,-0.00315094,1648.724,95.757,2.241823e+12,4.262854e+03,1.720513e+23,31.250,17.170,3.828,1316.636841
2011.04.11_08:24:00_TAI,181.4,2.072475e+22,39.598,129.292,128.647,67.401,0.16046800,3.239938e+13,-0.00237062,1634.171,72.475,2.592171e+12,4.260608e+03,1.729848e+23,31.134,17.088,3.848,1314.961060
2011.04.11_08:36:00_TAI,181.6,2.080595e+22,40.048,128.672,127.809,67.554,0.13839005,3.265864e+13,-0.00235083,1635.216,72.937,2.268703e+12,4.276919e+03,1.762257e+23,31.463,17.360,3.986,1323.577148
2011.04.11_08:48:00_TAI,181.8,2.073606e+22,40.370,128.087,126.703,67.579,0.16261497,3.296076e+13,-0.00263433,1623.323,82.715,3.423002e+12,4.238508e+03,1.767539e+23,31.599,17.859,3.941,1319.243408
2011.04.11_09:00:00_TAI,182.0,2.093691e+22,40.615,126.417,124.599,67.062,0.11933431,3.363367e+13,-0.00159452,1640.010,51.528,2.037604e+12,4.189294e+03,1.797923e+23,31.963,18.418,3.926,1317.815430
2011.04.11_09:12:00_TAI,182.2,2.102046e+22,40.764,125.183,123.367,66.153,0.15658259,3.392214e+13,-0.00234186,1648.604,76.830,2.893987e+12,4.139993e+03,1.803760e+23,32.066,18.441,3.949,1314.568604
2011.04.11_09:24:00_TAI,182.4,2.106501e+22,40.962,124.309,122.230,66.028,0.12804309,3.401191e+13,-0.00165876,1633.645,55.209,2.251729e+12,4.056481e+03,1.793071e+23,32.336,18.970,3.763,1316.163330
2011.04.11_09:36:00_TAI,182.6,2.105266e+22,40.838,123.993,121.743,65.450,0.10340565,3.367637e+13,-0.00173447,1613.202,57.931,1.824771e+12,3.977419e+03,1.764250e+23,32.157,18.416,3.717,1308.000244
2011.04.11_09:48:00_TAI,182.8,2.119293e+22,41.181,120.959,119.058,63.841,0.18499063,3.406011e+13,-0.00201483,1606.008,69.306,3.362259e+12,3.891740e+03,1.777982e+23,32.574,19.197,3.802,1312.887573
2011.04.11_10:00:00_TAI,183.0,2.116773e+22,41.384,119.779,117.972,62.695,0.16232279,3.420934e+13,-0.00181152,1601.857,62.856,2.975941e+12,3.838128e+03,1.768781e+23,32.702,19.521,3.716,1311.168213
2011.04.11_10:12:00_TAI,183.2,2.128570e+22,41.053,121.026,118.941,63.337,0.19455679,3.448427e+13,-0.00168808,1606.851,58.813,3.581225e+12,3.797037e+03,1.756904e+23,32.332,19.052,3.879,1314.047729
2011.04.11_10:24:00_TAI,183.4,2.130731e+22,41.032,119.986,118.170,62.880,0.06867331,3.443864e+13,-0.00217165,1604.802,76.140,3.570284e+12,3.737848e+03,1.740438e+23,32.410,18.799,3.831,1313.781250
2011.04.11_10:36:00_TAI,183.6,2.140337e+22,41.055,118.287,116.526,61.620,0.15027690,3.430016e+13,-0.00144259,1592.632,51.321,2.824484e+12,3.662045e+03,1.730236e+23,32.547,19.327,3.579,1316.258667
2011.04.11_10:48:00_TAI,183.8,2.148390e+22,40.928,119.090,117.500,61.451,0.12311671,3.499351e+13,-0.00143818,1619.925,51.335,2.321629e+12,3.668296e+03,1.738939e+23,32.385,18.759,3.538,1311.571655
2011.04.11_11:00:00_TAI,184.0,2.152250e+22,41.066,118.011,116.561,60.523,0.22193255,3.489084e+13,-0.00123600,1602.477,44.601,4.230999e+12,3.616662e+03,1.733338e+23,32.565,19.500,3.718,1309.935669
2011.04.11_11:12:00_TAI,184.2,2.163700e+22,40.753,118.205,116.811,60.236,0.15833613,3.498278e+13,-0.00146931,1596.816,53.204,3.028797e+12,3.609926e+03,1.736007e+23,32.466,19.384,3.312,1316.029541
2011.04.11_11:24:00_TAI,184.4,2.154697e+22,40.984,118.061,116.380,60.146,0.19667540,3.509089e+13,-0.00146415,1609.568,53.029,3.762829e+12,3.597106e+03,1.730176e+23,32.650,19.532,3.559,1315.522949
2011.04.11_11:36:00_TAI,184.6,2.136588e+22,41.114,117.694,115.941,60.243,0.19316673,3.458593e+13,-0.00124742,1579.420,44.838,3.667758e+12,3.593218e+03,1.715278e+23,32.617,19.438,3.372,1313.216309
2011.04.11_11:48:00_TAI,184.8,2.141467e+22,41.128,117.897,116.137,60.261,0.13988516,3.516195e+13,-0.00102795,1599.230,37.194,2.673598e+12,3.580695e+03,1.720618e+23,32.656,19.368,3.576,1304.815186
2011.04.11_12:00:00_TAI,185.0,2.151783e+22,41.095,116.973,115.436,59.916,0.23319593,3.524773e+13,-0.00101691,1595.631,37.228,4.509520e+12,3.553996e+03,1.727942e+23,32.662,19.317,3.329,1307.337524
2011.04.11_12:12:00_TAI,185.2,2.164496e+22,41.325,117.221,115.529,60.406,0.20276928,3.578118e+13,-0.00084442,1603.702,31.253,3.964202e+12,3.576733e+03,1.758140e+23,32.926,19.671,3.697,1306.706055
2011.04.11_12:24:00_TAI,185.4,2.174216e+22,41.336,116.924,115.362,60.113,0.16294797,3.652026e+13,-0.00145533,1629.352,54.312,3.212116e+12,3.568116e+03,1.768499e+23,32.975,19.983,3.669,1312.797607
2011.04.11_12:36:00_TAI,185.6,2.163334e+22,41.222,117.085,115.669,60.117,0.25068182,3.591413e+13,-0.00166595,1617.844,61.445,4.883595e+12,3.578346e+03,1.752802e+23,32.848,19.784,3.822,1306.650879
2011.04.11_12:48:00_TAI,185.8,2.166559e+22,40.929,117.924,116.434,60.204,0.17536414,3.574508e+13,-0.00082987,1608.242,30.392,3.392057e+12,3.597331e+03,1.749633e+23,32.554,19.398,3.811,1302.766357
2011.04.11_13:00:00_TAI,186.0,2.159446e+22,41.328,117.459,115.910,60.491,0.18010755,3.603939e+13,-0.00104487,1616.269,38.368,3.492953e+12,3.623517e+03,1.767037e+23,32.894,19.992,3.869,1297.154053
2011.04.11_13:12:00_TAI,186.2,2.164578e+22,41.592,116.398,115.019,59.858,0.17387959,3.579911e+13,-0.00156870,1607.006,58.037,3.397712e+12,3.634337e+03,1.785778e+23,33.196,20.444,3.858,1301.423218
2011.04.11_13:24:00_TAI,186.4,2.162420e+22,41.332,116.605,115.267,59.996,0.19211866,3.560001e+13,-0.00149196,1603.142,54.855,3.730590e+12,3.641677e+03,1.778214e+23,32.877,20.107,3.509,1305.059326
2011.04.11_13:36:00_TAI,186.6,2.163398e+22,41.311,117.261,115.646,60.743,0.17830642,3.593446e+13,-0.00123439,1616.700,45.172,3.446107e+12,3.712022e+03,1.804084e+23,32.953,20.213,3.625,1305.048828
2011.04.11_13:48:00_TAI,186.8,2.159380e+22,41.229,117.891,116.100,61.210,0.21149415,3.550621e+13,-0.00119239,1612.270,43.329,4.058838e+12,3.717311e+03,1.794016e+23,32.706,19.491,3.953,1299.651978
2011.04.11_14:00:00_TAI,187.0,2.161254e+22,41.197,118.134,116.336,61.074,0.09774752,3.540508e+13,-0.00138898,1615.883,50.420,1.873792e+12,3.711044e+03,1.789020e+23,32.602,19.466,3.422,1307.200928
2011.04.11_14:12:00_TAI,187.2,2.157405e+22,41.632,117.347,115.496,61.039,0.23659612,3.550625e+13,-0.00206864,1606.307,75.207,4.542506e+12,3.750398e+03,1.810831e+23,33.106,20.571,3.383,1311.666382
2011.04.11_14:24:00_TAI,187.4,2.132357e+22,41.223,118.907,117.136,61.841,0.23820178,3.459127e+13,-0.00182436,1594.219,64.230,4.428585e+12,3.844221e+03,1.797422e+23,32.768,19.982,3.547,1310.319702
2011.04.11_14:36:00_TAI,187.6,2.139444e+22,41.044,119.800,117.919,62.126,0.14679874,3.449379e+13,-0.00196615,1606.826,69.128,3.652383e+12,3.840915e+03,1.793479e+23,32.465,19.408,3.847,1307.281006
2011.04.11_14:48:00_TAI,187.8,2.128082e+22,40.956,120.360,118.374,62.776,0.12703843,3.401676e+13,-0.00165766,1586.551,57.342,2.320585e+12,3.900195e+03,1.791790e+23,32.389,19.229,3.863,1306.638306
2011.04.11_15:00:00_TAI,188.0,2.125005e+22,40.956,120.707,118.638,63.074,0.13976465,3.398404e+13,-0.00200920,1583.384,68.990,2.534334e+12,3.962380e+03,1.807045e+23,32.354,19.013,3.806,1312.352295
2011.04.11_15:12:00_TAI,188.2,2.108781e+22,40.761,121.737,119.950,63.771,0.10293438,3.369644e+13,-0.00201507,1597.725,67.501,2.645726e+12,4.035372e+03,1.795209e+23,32.071,18.935,3.801,1309.698242
2011.04.11_15:24:00_TAI,188.4,2.100593e+22,40.572,122.800,121.102,64.028,0.10254855,3.307327e+13,-0.00167722,1585.317,55.382,1.862919e+12,4.081799e+03,1.789952e+23,31.902,18.522,3.781,1313.273193
2011.04.11_15:36:00_TAI,188.6,2.107636e+22,40.779,122.921,121.482,64.180,0.13681021,3.358610e+13,-0.00160005,1611.193,52.894,2.388104e+12,4.162209e+03,1.827369e+23,32.121,19.126,3.934,1318.163330
2011.04.11_15:48:00_TAI,188.8,2.115901e+22,40.807,123.224,122.164,64.602,0.10885086,3.379790e+13,-0.00281041,1627.581,92.429,4.484878e+12,4.228797e+03,1.847056e+23,32.085,19.137,3.958,1319.280273
2011.04.11_16:00:00_TAI,189.0,2.109634e+22,40.499,123.252,122.829,64.398,0.16404957,3.309217e+13,-0.00256431,1611.772,82.971,3.657675e+12,4.254074e+03,1.828153e+23,31.957,19.064,4.002,1324.858643
2011.04.11_16:12:00_TAI,189.2,2.112827e+22,40.051,124.329,124.201,64.482,0.09267580,3.307257e+13,-0.00276006,1623.759,88.546,3.265752e+12,4.247486e+03,1.809697e+23,31.560,18.425,3.820,1311.054077
2011.04.11_16:24:00_TAI,189.4,2.098512e+22,39.975,126.309,126.773,65.180,0.15032148,3.331462e+13,-0.00293717,1635.512,92.427,3.868846e+12,4.308711e+03,1.800649e+23,31.451,18.209,3.845,1310.740356
2011.04.11_16:36:00_TAI,189.6,2.111940e+22,39.616,125.534,126.283,64.006,0.00519833,3.332186e+13,-0.00315726,1641.197,99.634,4.371900e+12,4.275272e+03,1.791728e+23,31.363,18.205,3.886,1314.252808
2011.04.11_16:48:00_TAI,189.8,2.113709e+22,39.217,126.530,127.486,63.634,0.03849548,3.276897e+13,-0.00345529,1636.697,108.420,4.863919e+12,4.245445e+03,1.769136e+23,30.882,17.484,3.666,1311.014404
2011.04.11_17:00:00_TAI,190.0,2.134806e+22,39.408,125.021,126.117,62.924,0.07496876,3.373936e+13,-0.00315890,1653.355,101.199,3.209844e+12,4.189841e+03,1.782688e+23,31.292,18.241,3.757,1309.973755
2011.04.11_17:12:00_TAI,190.2,2.159149e+22,39.282,123.942,125.175,61.905,0.13816801,3.416714e+13,-0.00345478,1683.826,112.457,3.847773e+12,4.180608e+03,1.807242e+23,31.355,18.254,3.762,1302.730469
2011.04.11_17:24:00_TAI,190.4,2.208225e+22,39.359,122.883,124.392,61.054,0.15470958,3.493938e+13,-0.00368847,1702.404,124.667,3.821544e+12,4.044496e+03,1.815543e+23,31.393,18.292,3.718,1294.721802
2011.04.11_17:36:00_TAI,190.6,2.242820e+22,39.830,122.476,123.805,60.395,0.15745039,3.534026e+13,-0.00329134,1695.311,115.332,4.012633e+12,3.963021e+03,1.844231e+23,31.803,19.092,3.672,1292.394897
2011.04.11_17:48:00_TAI,190.8,2.277775e+22,40.158,120.583,121.691,59.745,0.18362637,3.574526e+13,-0.00219536,1685.380,79.509,3.511296e+12,3.912881e+03,1.882061e+23,32.086,19.167,3.661,1296.332031
2011.04.11_18:24:00_TAI,191.4,2.359083e+22,39.910,117.631,118.309,57.913,0.13786845,3.626049e+13,-0.00155593,1679.937,59.975,2.805788e+12,3.677768e+03,1.882679e+23,32.059,19.058,3.870,1285.073242
2011.04.11_18:36:00_TAI,191.6,2.359144e+22,40.076,117.194,117.798,57.668,0.12195944,3.596531e+13,-0.00112132,1660.997,43.450,2.495169e+12,3.672859e+03,1.890117e+23,31.982,19.223,3.677,1285.915894
2011.04.11_18:48:00_TAI,191.8,2.339569e+22,40.035,117.605,117.919,58.267,0.15830101,3.521499e+13,-0.00087550,1639.599,33.480,3.196161e+12,3.669489e+03,1.863577e+23,31.755,18.585,3.791,1278.973755
2011.04.11_19:00:00_TAI,192.0,2.334401e+22,39.867,117.919,118.103,58.298,0.12227184,3.469242e+13,-0.00096340,1618.114,36.503,2.816399e+12,3.705092e+03,1.864388e+23,31.593,18.269,3.756,1279.687622
2011.04.11_19:12:00_TAI,192.2,2.321454e+22,39.349,120.191,119.835,59.534,0.03993011,3.403676e+13,-0.00117886,1604.675,43.478,1.380887e+12,3.788879e+03,1.855879e+23,31.068,17.282,3.650,1277.366333
2011.04.11_19:24:00_TAI,192.4,2.322176e+22,38.771,121.688,121.420,60.171,0.08680183,3.369359e+13,-0.00101185,1622.922,36.669,1.660952e+12,3.818249e+03,1.837711e+23,30.582,16.666,3.720,1275.558838
2011.04.11_19:36:00_TAI,192.6,2.308354e+22,39.003,123.212,122.859,61.384,0.06389857,3.410228e+13,-0.00156006,1646.904,55.699,2.356680e+12,3.905500e+03,1.851799e+23,30.580,16.612,3.735,1281.098267
2011.04.11_19:48:00_TAI,192.8,2.287605e+22,38.759,126.032,126.098,62.871,0.07231973,3.384745e+13,-0.00156360,1653.516,54.174,1.434802e+12,3.999077e+03,1.840192e+23,30.204,16.084,3.932,1278.136841
2011.04.11_20:00:00_TAI,193.0,2.282954e+22,38.640,126.895,126.656,63.435,0.01130894,3.367813e+13,-0.00101246,1653.176,34.613,9.027751e+11,4.068226e+03,1.847104e+23,30.422,16.433,3.832,1272.429932
2011.04.11_20:12:00_TAI,193.2,2.280450e+22,38.742,127.451,127.422,63.736,0.05549857,3.412135e+13,-0.00080782,1663.548,27.496,9.974387e+11,4.076762e+03,1.842805e+23,30.447,16.385,3.867,1263.082153
2011.04.11_20:24:00_TAI,193.4,2.258618e+22,38.686,128.234,128.355,63.945,0.05983877,3.362790e+13,-0.00176965,1654.631,58.975,1.585927e+12,4.136380e+03,1.830696e+23,30.462,16.426,3.745,1260.656006
2011.04.11_20:36:00_TAI,193.6,2.245296e+22,38.580,129.533,129.921,64.494,0.01472319,3.362444e+13,-0.00221064,1674.296,72.440,2.390006e+12,4.168223e+03,1.814067e+23,30.182,16.014,3.620,1263.049683
2011.04.11_20:48:00_TAI,193.8,2.239954e+22,38.044,130.947,131.532,64.657,0.05061762,3.348927e+13,-0.00225088,1664.649,72.863,2.701063e+12,4.198461e+03,1.804924e+23,29.956,16.017,3.214,1254.556763
2011.04.11_21:00:00_TAI,194.0,2.218978e+22,38.106,131.114,132.117,64.304,0.09823099,3.284283e+13,-0.00292408,1629.740,93.424,3.526432e+12,4.246368e+03,1.801777e+23,30.028,16.266,3.391,1252.779053
2011.04.11_21:12:00_TAI,194.2,2.229499e+22,37.913,131.254,132.274,63.924,0.08101716,3.320506e+13,-0.00240708,1637.391,77.662,2.344120e+12,4.248463e+03,1.820383e+23,30.099,16.114,3.353,1247.996948
2011.04.11_21:24:00_TAI,194.4,2.238061e+22,37.847,131.684,133.066,63.809,0.16976832,3.383474e+13,-0.00216156,1658.941,70.197,2.911568e+12,4.148431e+03,1.789200e+23,29.894,16.073,3.458,1248.490356
2011.04.11_21:36:00_TAI,194.6,2.248262e+22,37.697,130.888,132.231,63.221,0.19092461,3.430716e+13,-0.00248106,1673.912,81.639,3.317841e+12,4.084560e+03,1.784978e+23,29.926,16.328,3.676,1249.393921
2011.04.11_21:48:00_TAI,194.8,2.262237e+22,37.456,129.754,130.857,62.395,0.18484578,3.477182e+13,-0.00183731,1684.224,61.577,3.271836e+12,3.973746e+03,1.768744e+23,30.090,16.646,3.759,1243.844238
2011.04.11_22:00:00_TAI,195.0,2.257033e+22,37.335,128.891,130.269,61.211,0.11545454,3.442249e+13,-0.00191167,1655.135,64.245,2.049312e+12,3.869375e+03,1.727066e+23,29.813,15.996,3.596,1234.604858
2011.04.11_22:12:00_TAI,195.2,2.264952e+22,36.923,127.911,129.309,60.483,0.20820069,3.429910e+13,-0.00150606,1656.176,50.899,3.716217e+12,3.825189e+03,1.716844e+23,29.719,15.599,3.615,1236.644165
2011.04.11_22:24:00_TAI,195.4,2.277614e+22,36.927,127.000,128.326,59.926,0.12889586,3.397057e+13,-0.00224138,1631.370,76.803,3.738246e+12,3.758861e+03,1.710537e+23,29.656,15.657,3.535,1236.215820
2011.04.11_22:36:00_TAI,195.6,2.270325e+22,37.506,124.918,126.120,59.435,0.20308247,3.417893e+13,-0.00165733,1628.035,57.723,3.735982e+12,3.673850e+03,1.699368e+23,30.062,16.262,3.532,1230.586548
2011.04.11_22:48:00_TAI,195.8,2.273217e+22,37.116,124.693,126.009,59.040,0.20902073,3.346476e+13,-0.00163783,1604.172,57.149,3.852406e+12,3.616379e+03,1.675858e+23,29.651,15.902,3.444,1225.949829
2011.04.11_23:00:00_TAI,196.0,2.284546e+22,37.264,123.657,125.165,57.981,0.15407173,3.352450e+13,-0.00130004,1592.028,46.128,2.887676e+12,3.530957e+03,1.663893e+23,29.614,15.458,3.523,1219.629639
2011.04.11_23:12:00_TAI,196.2,2.275780e+22,37.217,123.147,124.562,57.830,0.23505333,3.314483e+13,-0.00156973,1561.931,55.546,4.393562e+12,3.470620e+03,1.630989e+23,29.515,15.611,3.518,1225.861938
2011.04.11_23:24:00_TAI,196.4,2.288145e+22,37.037,122.573,123.969,57.329,0.20538904,3.314615e+13,-0.00176273,1577.301,63.028,3.879348e+12,3.429874e+03,1.628694e+23,29.492,15.575,3.717,1224.222778
2011.04.11_23:36:00_TAI,196.6,2.283146e+22,37.018,121.900,123.296,56.860,0.13521722,3.271261e+13,-0.00108525,1566.085,38.717,2.548610e+12,3.420499e+03,1.620791e+23,29.439,15.678,3.623,1223.721191
2011.04.11_23:48:00_TAI,196.8,2.264498e+22,36.824,122.770,124.167,57.210,0.25149047,3.232865e+13,-0.00111139,1548.119,39.023,4.664983e+12,3.456024e+03,1.611600e+23,29.276,15.262,3.540,1221.702881
2011.04.12_00:00:00_TAI,197.0,2.270835e+22,37.140,121.664,122.922,56.862,0.16277422,3.246805e+13,-0.00114969,1539.017,41.004,3.066922e+12,3.435562e+03,1.627244e+23,29.627,15.671,3.542,1222.148193
2011.04.12_00:12:00_TAI,197.2,2.265376e+22,37.095,121.808,122.757,56.743,0.17536825,3.225222e+13,-0.00150645,1534.584,53.527,3.291999e+12,3.454807e+03,1.630257e+23,29.476,15.617,3.500,1231.552856
2011.04.12_00:24:00_TAI,197.4,2.271487e+22,36.956,122.687,123.450,57.356,0.25895697,3.285362e+13,-0.00140384,1552.130,49.801,4.853480e+12,3.465145e+03,1.632512e+23,29.556,15.735,3.363,1225.110596
2011.04.12_00:36:00_TAI,197.6,2.282646e+22,37.051,121.335,122.388,56.648,0.24195483,3.318902e+13,-0.00101794,1561.259,36.517,4.585975e+12,3.455343e+03,1.646203e+23,29.528,15.719,3.347,1228.070190
2011.04.12_00:48:00_TAI,197.8,2.264864e+22,37.049,121.314,122.138,56.948,0.20451999,3.293998e+13,-0.00190257,1544.182,67.657,3.842746e+12,3.468200e+03,1.637912e+23,29.535,15.835,3.388,1222.252319
2011.04.12_01:00:00_TAI,198.0,2.297082e+22,37.069,121.750,122.494,56.400,0.21917540,3.342469e+13,-0.00186178,1559.747,67.927,4.225481e+12,3.389209e+03,1.642287e+23,29.690,15.863,3.671,1212.837769
2011.04.12_01:12:00_TAI,198.2,2.280150e+22,36.632,122.438,123.173,56.500,0.25341699,3.281547e+13,-0.00204733,1555.770,72.946,4.771160e+12,3.433440e+03,1.624689e+23,29.421,15.675,3.362,1218.973999
2011.04.12_01:24:00_TAI,198.4,2.302223e+22,36.793,121.913,122.682,56.183,0.18639804,3.341515e+13,-0.00205168,1570.591,74.273,3.565629e+12,3.415631e+03,1.642117e+23,29.470,15.693,3.533,1225.013916
2011.04.12_01:36:00_TAI,198.6,2.302062e+22,36.671,121.924,122.697,56.218,0.15731080,3.354209e+13,-0.00164756,1579.739,59.656,3.010226e+12,3.387091e+03,1.628890e+23,29.469,15.627,3.480,1226.172485
2011.04.12_01:48:00_TAI,198.8,2.317308e+22,36.835,122.468,123.626,56.521,0.23566563,3.431321e+13,-0.00166875,1610.074,60.818,4.538748e+12,3.441726e+03,1.665815e+23,29.563,15.769,3.374,1221.821533
2011.04.12_02:00:00_TAI,199.0,2.289926e+22,36.453,124.008,125.009,56.743,0.22058789,3.322110e+13,-0.00213542,1598.965,75.357,4.113734e+12,3.474107e+03,1.628153e+23,29.246,15.469,3.333,1213.976440
2011.04.12_02:12:00_TAI,199.2,2.275953e+22,36.796,125.612,126.363,58.037,0.20271096,3.345738e+13,-0.00263988,1605.600,92.193,3.741361e+12,3.544801e+03,1.644101e+23,29.524,15.637,3.158,1210.202881
2011.04.12_02:24:00_TAI,199.4,2.262695e+22,36.508,126.225,126.997,58.213,0.26472583,3.332307e+13,-0.00259011,1587.150,89.434,4.830968e+12,3.568592e+03,1.636462e+23,29.497,15.531,3.223,1205.941406
2011.04.12_02:36:00_TAI,199.6,2.271293e+22,36.469,126.535,127.594,58.989,0.21236166,3.396127e+13,-0.00225409,1624.909,77.676,3.867745e+12,3.585829e+03,1.641081e+23,29.204,15.014,3.631,1205.516357
2011.04.12_02:48:00_TAI,199.8,2.252416e+22,36.096,128.359,129.378,59.492,0.26091066,3.350336e+13,-0.00240298,1621.360,80.779,4.635856e+12,3.664375e+03,1.636004e+23,29.027,14.751,3.604,1210.383545
2011.04.12_03:00:00_TAI,200.0,2.254018e+22,36.483,128.757,129.541,59.790,0.21760125,3.455973e+13,-0.00233950,1651.597,78.986,3.883116e+12,3.708969e+03,1.663056e+23,29.349,15.473,3.670,1217.491943
2011.04.12_03:12:00_TAI,200.2,2.244848e+22,36.311,130.557,131.429,60.794,0.23829274,3.397250e+13,-0.00261872,1646.148,86.847,4.177151e+12,3.768587e+03,1.659859e+23,29.062,15.058,3.604,1223.065674
2011.04.12_03:24:00_TAI,200.4,2.247424e+22,36.478,131.268,131.703,61.410,0.15297106,3.470467e+13,-0.00311850,1678.772,103.226,2.676399e+12,3.826761e+03,1.682229e+23,29.321,15.163,3.347,1224.327515
2011.04.12_03:36:00_TAI,200.6,2.223078e+22,36.506,132.654,132.621,62.722,0.15197718,3.368055e+13,-0.00337100,1656.428,109.075,3.092154e+12,3.912888e+03,1.681480e+23,29.348,15.335,3.620,1229.944092
2011.04.12_03:48:00_TAI,200.8,2.213730e+22,36.749,132.222,132.382,62.719,-0.01969073,3.342534e+13,-0.00340590,1653.215,109.169,2.066800e+12,3.973079e+03,1.691358e+23,29.564,15.505,3.520,1232.949707
2011.04.12_04:00:00_TAI,201.0,2.227024e+22,36.900,131.050,130.917,62.321,0.02353186,3.351513e+13,-0.00386684,1654.861,125.429,4.228296e+12,3.921027e+03,1.689091e+23,29.533,15.529,2.996,1237.594849
2011.04.12_04:12:00_TAI,201.2,2.217050e+22,36.835,131.377,131.139,62.530,-0.00365242,3.318146e+13,-0.00302143,1647.223,97.060,2.189865e+12,3.927545e+03,1.675678e+23,29.291,14.907,3.011,1236.745117
2011.04.12_04:24:00_TAI,201.4,2.220684e+22,36.826,130.527,130.054,62.151,0.01839756,3.275192e+13,-0.00327513,1630.649,105.633,2.345579e+12,3.919814e+03,1.679042e+23,29.171,14.755,3.348,1241.032227
2011.04.12_04:36:00_TAI,201.6,2.244283e+22,36.659,130.497,129.886,61.978,0.00005908,3.290949e+13,-0.00264743,1643.121,86.650,1.654040e+12,3.883177e+03,1.687896e+23,28.936,14.073,3.498,1248.274658
2011.04.12_04:48:00_TAI,201.8,2.255727e+22,37.169,127.948,126.899,61.443,0.07891182,3.293597e+13,-0.00208172,1620.043,69.806,1.398956e+12,3.812664e+03,1.698007e+23,29.442,15.163,3.270,1244.746826
2011.04.12_05:00:00_TAI,202.0,2.268212e+22,36.580,128.185,127.073,60.784,0.05147952,3.245792e+13,-0.00245517,1602.199,82.737,2.622312e+12,3.747788e+03,1.677326e+23,28.937,14.089,3.434,1243.448364
2011.04.12_05:12:00_TAI,202.2,2.283579e+22,36.500,127.133,125.893,60.238,0.07200393,3.212947e+13,-0.00292688,1581.377,99.897,3.093539e+12,3.689819e+03,1.672502e+23,28.955,13.847,3.110,1252.745972
2011.04.12_05:24:00_TAI,202.4,2.293421e+22,36.724,124.727,123.541,58.951,0.08100266,3.218228e+13,-0.00267325,1554.773,93.379,2.665616e+12,3.602547e+03,1.671266e+23,29.100,14.105,3.567,1250.479492
2011.04.12_05:36:00_TAI,202.6,2.327073e+22,36.586,122.908,121.962,57.570,0.05628840,3.254997e+13,-0.00223546,1566.933,80.240,2.254295e+12,3.486954e+03,1.662236e+23,29.148,14.250,3.402,1250.064087
2011.04.12_05:48:00_TAI,202.8,2.325944e+22,36.731,122.005,120.773,57.097,0.15711157,3.239798e+13,-0.00254641,1559.230,92.399,3.014136e+12,3.460360e+03,1.667619e+23,29.206,14.691,3.273,1249.458130
2011.04.12_06:24:00_TAI,203.4,2.379727e+22,36.576,118.742,117.922,55.020,0.12413975,3.333568e+13,-0.00199495,1564.951,75.646,2.488677e+12,3.318643e+03,1.671206e+23,29.306,14.547,3.089,1255.133301
2011.04.12_06:36:00_TAI,203.6,2.381337e+22,36.387,119.570,118.716,54.954,0.06655063,3.363073e+13,-0.00249508,1579.319,94.526,1.520987e+12,3.339646e+03,1.680275e+23,29.235,14.716,3.275,1266.632202
2011.04.12_06:48:00_TAI,203.8,2.385366e+22,36.212,120.533,119.863,55.290,0.09944560,3.439103e+13,-0.00273909,1621.890,103.176,2.548819e+12,3.348166e+03,1.675046e+23,29.149,14.231,3.547,1269.121826
2011.04.12_07:00:00_TAI,204.0,2.375994e+22,36.309,121.470,120.993,55.507,0.04999043,3.465302e+13,-0.00242982,1641.276,90.802,9.877021e+11,3.384781e+03,1.679878e+23,29.254,14.340,3.514,1261.553467
2011.04.12_07:12:00_TAI,204.2,2.344804e+22,36.119,121.462,121.140,55.456,0.12127692,3.405230e+13,-0.00302076,1631.022,110.134,2.337819e+12,3.457252e+03,1.674065e+23,29.313,14.421,3.534,1266.320557
2011.04.12_07:24:00_TAI,204.4,2.322533e+22,35.655,123.646,123.335,56.310,0.11007135,3.401631e+13,-0.00353003,1645.765,125.094,2.619901e+12,3.486247e+03,1.640741e+23,28.893,13.644,3.760,1259.886230
2011.04.12_07:36:00_TAI,204.6,2.280203e+22,35.656,124.343,123.873,56.984,0.13928244,3.359326e+13,-0.00374886,1650.006,128.799,2.815524e+12,3.546396e+03,1.618183e+23,28.784,13.415,3.543,1262.631714
2011.04.12_07:48:00_TAI,204.8,2.237699e+22,35.470,125.221,124.814,57.730,0.09924204,3.250330e+13,-0.00409216,1615.420,135.716,1.928711e+12,3.626860e+03,1.597532e+23,28.529,13.194,3.496,1252.625610
2011.04.12_08:00:00_TAI,205.0,2.216018e+22,35.434,124.884,124.737,57.366,0.05629417,3.204904e+13,-0.00369240,1595.927,120.863,1.589565e+12,3.640503e+03,1.582607e+23,28.517,13.252,3.463,1252.078003
2011.04.12_08:12:00_TAI,205.2,2.181083e+22,35.300,126.188,125.641,58.611,0.05049415,3.141523e+13,-0.00391604,1580.890,124.483,2.121042e+12,3.700955e+03,1.562439e+23,28.228,12.413,3.779,1258.645386
2011.04.12_08:24:00_TAI,205.4,2.158374e+22,35.076,128.015,127.371,59.576,-0.05230340,3.127086e+13,-0.00346945,1572.850,108.129,1.180848e+12,3.781103e+03,1.564992e+23,28.115,12.395,3.784,1262.377686
2011.04.12_08:36:00_TAI,205.6,2.148481e+22,35.615,127.288,126.193,59.989,-0.00640396,3.165628e+13,-0.00340905,1583.561,106.672,1.842414e+12,3.788735e+03,1.574491e+23,28.425,13.086,3.612,1261.345459
2011.04.12_08:48:00_TAI,205.8,2.152580e+22,35.608,128.773,127.537,60.756,0.03034359,3.148855e+13,-0.00321091,1577.455,100.399,1.468875e+12,3.761572e+03,1.562004e+23,28.242,12.805,3.722,1259.812378
2011.04.12_09:00:00_TAI,206.0,2.148892e+22,35.674,128.617,127.068,60.992,-0.02307821,3.120875e+13,-0.00376079,1550.981,118.066,2.731614e+12,3.726325e+03,1.553751e+23,28.206,12.909,3.708,1255.430420
2011.04.12_09:12:00_TAI,206.2,2.161426e+22,35.820,127.765,126.147,60.782,0.02108957,3.154603e+13,-0.00379186,1559.643,120.604,2.819130e+12,3.721458e+03,1.571936e+23,28.196,12.683,3.677,1252.007568
2011.04.12_09:24:00_TAI,206.4,2.168869e+22,36.122,126.973,125.200,60.688,0.03315947,3.172013e+13,-0.00292791,1551.501,94.665,1.531149e+12,3.700296e+03,1.588846e+23,28.503,13.402,3.572,1265.471680
2011.04.12_09:36:00_TAI,206.6,2.172068e+22,36.271,126.164,124.103,60.394,-0.00419356,3.162387e+13,-0.00310390,1539.918,101.190,2.448898e+12,3.662583e+03,1.585736e+23,28.613,13.196,3.561,1263.298828
2011.04.12_09:48:00_TAI,206.8,2.191457e+22,35.936,126.005,123.603,60.208,0.01073405,3.176729e+13,-0.00318699,1537.364,105.489,4.171035e+12,3.593245e+03,1.579528e+23,28.555,13.091,3.395,1261.428711
2011.04.12_10:00:00_TAI,207.0,2.198740e+22,36.016,126.001,123.677,60.350,0.14396094,3.203177e+13,-0.00264652,1535.776,88.275,2.950152e+12,3.560241e+03,1.577077e+23,28.424,12.772,3.819,1259.123169
2011.04.12_10:12:00_TAI,207.2,2.214410e+22,36.166,124.303,122.245,59.808,0.13449949,3.249321e+13,-0.00249606,1547.507,84.934,3.048479e+12,3.493308e+03,1.578651e+23,28.611,12.933,3.705,1259.718384
2011.04.12_10:24:00_TAI,207.4,2.228788e+22,36.339,123.964,121.773,59.445,0.04070916,3.266625e+13,-0.00274187,1553.026,94.913,3.648055e+12,3.475080e+03,1.597595e+23,28.764,12.789,3.684,1263.781982
2011.04.12_10:36:00_TAI,207.6,2.213979e+22,36.431,123.417,121.160,59.187,0.07378751,3.244068e+13,-0.00275966,1542.175,95.239,3.349651e+12,3.471486e+03,1.591057e+23,28.811,12.961,3.794,1258.495117
2011.04.12_10:48:00_TAI,207.8,2.240308e+22,36.350,123.216,120.959,58.635,0.09398028,3.273844e+13,-0.00227751,1551.504,80.175,3.940202e+12,3.389768e+03,1.584800e+23,28.846,13.354,3.669,1255.868164
2011.04.12_11:00:00_TAI,208.0,2.246378e+22,36.150,122.964,120.874,58.432,0.15173782,3.237897e+13,-0.00230808,1523.351,81.514,3.506701e+12,3.358896e+03,1.575453e+23,28.790,13.143,3.710,1251.438354
2011.04.12_11:12:00_TAI,208.2,2.251090e+22,36.228,122.686,120.643,58.366,0.14856461,3.240005e+13,-0.00260317,1518.162,92.282,3.914530e+12,3.356315e+03,1.580126e+23,28.702,13.171,3.603,1249.877930
2011.04.12_11:24:00_TAI,208.4,2.257386e+22,36.330,121.856,120.198,57.939,0.06993500,3.262351e+13,-0.00215782,1526.916,77.036,2.659337e+12,3.333410e+03,1.580542e+23,28.736,13.341,3.741,1247.655640
2011.04.12_11:36:00_TAI,208.6,2.270717e+22,36.627,120.401,118.708,57.442,0.08245325,3.303826e+13,-0.00226078,1525.440,82.374,2.587056e+12,3.301421e+03,1.597512e+23,29.157,13.816,3.751,1263.995239
2011.04.12_11:48:00_TAI,208.8,2.264818e+22,36.493,121.362,119.645,57.448,0.12287706,3.269215e+13,-0.00213015,1515.523,76.869,2.464517e+12,3.335469e+03,1.598573e+23,28.962,13.315,3.778,1255.622925
2011.04.12_12:00:00_TAI,209.0,2.278127e+22,36.478,121.332,119.714,57.477,0.07037009,3.289822e+13,-0.00204734,1537.174,74.136,1.542126e+12,3.301618e+03,1.587873e+23,28.948,13.589,3.751,1260.333618
2011.04.12_12:12:00_TAI,209.2,2.286055e+22,36.505,121.589,119.830,57.668,0.04585171,3.331163e+13,-0.00228025,1545.002,82.935,2.686291e+12,3.300924e+03,1.594423e+23,28.886,13.371,3.562,1253.824951
2011.04.12_12:24:00_TAI,209.4,2.287256e+22,36.282,121.841,119.872,58.068,0.08951058,3.341589e+13,-0.00267792,1558.641,96.949,3.814807e+12,3.307389e+03,1.590254e+23,28.717,13.059,3.588,1252.956421
2011.04.12_12:36:00_TAI,209.6,2.290802e+22,36.323,120.640,118.946,57.419,0.06129846,3.331372e+13,-0.00302249,1558.683,110.070,2.710341e+12,3.322135e+03,1.606697e+23,28.975,13.266,3.728,1246.605957
2011.04.12_12:48:00_TAI,209.8,2.292787e+22,36.356,121.221,119.381,57.823,0.07831595,3.324037e+13,-0.00354272,1555.953,128.795,4.416189e+12,3.326832e+03,1.606274e+23,28.973,13.316,3.748,1244.135498
2011.04.12_13:00:00_TAI,210.0,2.300379e+22,36.395,120.760,119.078,57.280,0.05246746,3.355775e+13,-0.00291345,1580.618,106.554,2.890681e+12,3.294711e+03,1.600260e+23,28.936,13.447,3.749,1235.944580
2011.04.12_13:12:00_TAI,210.2,2.291484e+22,36.641,120.771,119.076,57.301,0.08253209,3.351599e+13,-0.00258212,1566.333,94.286,2.358995e+12,3.312506e+03,1.606395e+23,29.142,13.914,3.677,1241.373535
2011.04.12_13:24:00_TAI,210.4,2.287859e+22,36.543,121.133,119.380,57.176,0.04293967,3.350911e+13,-0.00317963,1567.881,115.815,3.444272e+12,3.327258e+03,1.609484e+23,29.144,13.919,3.524,1240.147339
2011.04.12_13:36:00_TAI,210.6,2.305506e+22,36.299,120.963,119.060,56.918,0.07982925,3.299974e+13,-0.00343937,1547.702,125.771,4.110488e+12,3.310412e+03,1.607710e+23,28.986,13.429,3.618,1235.561768
2011.04.12_13:48:00_TAI,210.8,2.300623e+22,36.346,122.199,120.028,57.624,0.06497131,3.356141e+13,-0.00329671,1580.174,119.601,3.036121e+12,3.316959e+03,1.598115e+23,28.898,13.449,3.624,1240.371094
2011.04.12_14:00:00_TAI,211.0,2.289488e+22,36.584,122.560,120.367,57.807,0.03123198,3.349603e+13,-0.00307696,1579.813,111.094,1.927021e+12,3.348242e+03,1.605494e+23,29.123,13.707,3.663,1234.482300
2011.04.12_14:12:00_TAI,211.2,2.282829e+22,36.389,122.552,120.767,57.675,-0.02760815,3.290532e+13,-0.00352394,1561.753,126.175,2.626346e+12,3.320070e+03,1.578714e+23,28.931,13.448,3.572,1235.640503
2011.04.12_14:24:00_TAI,211.4,2.262615e+22,36.183,123.133,121.543,57.979,0.01150832,3.228360e+13,-0.00353766,1543.890,123.949,3.348870e+12,3.358869e+03,1.562905e+23,28.740,13.126,3.635,1231.496338
2011.04.12_14:36:00_TAI,211.6,2.277083e+22,36.167,122.817,121.236,57.960,0.02531830,3.270566e+13,-0.00376227,1558.319,132.861,4.692803e+12,3.337347e+03,1.565168e+23,28.707,13.131,3.509,1232.383179
2011.04.12_14:48:00_TAI,211.8,2.267789e+22,36.127,123.675,121.934,58.481,0.04259679,3.268988e+13,-0.00373757,1569.246,130.071,3.844813e+12,3.381589e+03,1.563058e+23,28.589,12.941,3.473,1230.281738
2011.04.12_15:00:00_TAI,212.0,2.269656e+22,35.864,124.690,123.262,58.499,0.01421947,3.262430e+13,-0.00404563,1575.274,139.991,3.778460e+12,3.362954e+03,1.545422e+23,28.473,12.730,3.373,1232.562500
2011.04.12_15:12:00_TAI,212.2,2.255263e+22,35.954,124.743,123.295,58.612,-0.03198028,3.262797e+13,-0.00359392,1575.139,122.923,2.538250e+12,3.368460e+03,1.530103e+23,28.565,12.969,3.421,1234.329224
2011.04.12_15:24:00_TAI,212.4,2.249956e+22,35.833,124.534,123.384,58.436,-0.03847149,3.196809e+13,-0.00424695,1560.729,143.606,3.646760e+12,3.411837e+03,1.532317e+23,28.586,13.392,3.324,1239.915649
2011.04.12_15:36:00_TAI,212.6,2.253702e+22,35.712,124.465,123.414,58.018,-0.08941715,3.246135e+13,-0.00401765,1575.771,136.038,2.571008e+12,3.379989e+03,1.519900e+23,28.588,13.305,3.064,1233.442871
2011.04.12_15:48:00_TAI,212.8,2.267860e+22,36.014,124.743,123.884,58.104,-0.03134028,3.290068e+13,-0.00416110,1605.230,142.064,3.255231e+12,3.379199e+03,1.532200e+23,28.673,13.183,3.506,1235.861450
2011.04.12_16:00:00_TAI,213.0,2.271823e+22,35.884,124.952,124.413,57.930,-0.10539290,3.306003e+13,-0.00433005,1611.506,147.447,4.199458e+12,3.416331e+03,1.544953e+23,28.712,13.288,3.596,1238.920898
2011.04.12_16:12:00_TAI,213.2,2.288275e+22,35.941,123.912,123.635,57.355,-0.10748107,3.305882e+13,-0.00441632,1603.632,151.776,4.306899e+12,3.428034e+03,1.564631e+23,28.847,13.641,3.487,1242.126465
2011.04.12_16:24:00_TAI,213.4,2.305186e+22,35.905,123.330,123.404,56.728,-0.11181245,3.364969e+13,-0.00440449,1620.265,152.642,4.807802e+12,3.421037e+03,1.574568e+23,28.987,13.634,3.449,1246.358765
2011.04.12_16:36:00_TAI,213.6,2.347647e+22,35.720,123.344,123.563,56.375,-0.03508963,3.475872e+13,-0.00459819,1664.957,163.272,5.526218e+12,3.415883e+03,1.610801e+23,29.012,13.614,3.459,1237.704712
2011.04.12_16:48:00_TAI,213.8,2.406821e+22,35.738,121.264,121.621,54.870,-0.04795119,3.512808e+13,-0.00396735,1671.666,146.800,3.577750e+12,3.311227e+03,1.627147e+23,29.019,13.721,3.511,1235.423706
2011.04.12_17:00:00_TAI,214.0,2.452828e+22,35.743,120.340,120.830,54.264,0.01213925,3.567508e+13,-0.00396290,1683.306,150.753,2.630291e+12,3.275750e+03,1.654957e+23,29.225,13.627,3.682,1232.590942
2011.04.12_17:12:00_TAI,214.2,2.507082e+22,35.314,119.215,119.368,53.230,0.00687120,3.600447e+13,-0.00341821,1687.954,134.178,2.246285e+12,3.139259e+03,1.636612e+23,28.993,13.305,3.664,1238.062866
2011.04.12_17:24:00_TAI,214.4,2.546060e+22,35.812,118.362,118.468,52.638,0.04532422,3.635963e+13,-0.00285785,1688.159,115.977,1.362241e+12,3.081051e+03,1.660523e+23,29.375,13.937,3.435,1233.492676
2011.04.12_18:24:00_TAI,215.4,2.611292e+22,35.235,116.691,116.488,51.584,0.00934217,3.503774e+13,-0.00205083,1616.915,86.576,2.083372e+11,2.901827e+03,1.626862e+23,28.582,12.957,3.669,1227.531128
2011.04.12_18:36:00_TAI,215.6,2.622019e+22,35.188,116.656,116.431,51.470,0.02727642,3.534965e+13,-0.00220325,1631.772,93.455,9.236352e+11,2.877605e+03,1.621117e+23,28.608,13.003,3.666,1229.787598
2011.04.12_18:48:00_TAI,215.8,2.595948e+22,35.210,116.855,116.488,51.770,0.01546538,3.495837e+13,-0.00167459,1625.262,69.993,1.393427e+12,2.896391e+03,1.607775e+23,28.582,13.037,3.437,1237.780396
2011.04.12_19:00:00_TAI,216.0,2.563886e+22,35.026,118.307,117.573,52.310,0.01125866,3.432604e+13,-0.00209531,1619.923,85.298,8.499945e+11,2.963580e+03,1.602250e+23,28.394,12.714,3.347,1236.263184
2011.04.12_19:12:00_TAI,216.2,2.555135e+22,34.919,119.851,119.166,53.268,-0.02145620,3.409716e+13,-0.00210132,1619.378,83.977,4.530218e+11,3.017931e+03,1.601856e+23,28.056,12.190,3.208,1235.035400
2011.04.12_19:24:00_TAI,216.4,2.534190e+22,34.905,121.206,120.679,54.073,-0.03612805,3.397328e+13,-0.00217576,1633.818,84.952,1.282084e+12,3.058429e+03,1.585943e+23,27.987,12.109,3.130,1235.814453
2011.04.12_19:36:00_TAI,216.6,2.528402e+22,35.053,123.159,122.522,54.751,-0.12302080,3.469144e+13,-0.00210836,1671.145,81.305,2.506446e+12,3.114953e+03,1.595397e+23,28.175,12.635,3.073,1226.697266
2011.04.12_19:48:00_TAI,216.8,2.501421e+22,35.170,124.650,124.108,55.713,-0.07697929,3.437633e+13,-0.00260253,1669.473,98.066,1.532460e+12,3.206865e+03,1.604823e+23,28.341,12.743,3.354,1227.916016
2011.04.12_20:00:00_TAI,217.0,2.494117e+22,34.910,126.054,125.839,56.102,-0.11113376,3.415899e+13,-0.00324197,1667.293,120.086,2.454132e+12,3.259845e+03,1.603629e+23,28.039,12.413,3.171,1222.606201
2011.04.12_20:12:00_TAI,217.2,2.475269e+22,34.972,127.010,126.834,56.642,-0.09264468,3.403756e+13,-0.00348563,1658.379,127.208,2.888972e+12,3.315854e+03,1.607138e+23,28.109,12.464,3.328,1226.820068
2011.04.12_20:24:00_TAI,217.4,2.465299e+22,34.788,128.073,128.322,56.741,-0.19289248,3.421355e+13,-0.00256346,1668.587,92.459,3.675803e+12,3.333447e+03,1.596762e+23,28.097,12.523,3.175,1218.629028
2011.04.12_20:36:00_TAI,217.6,2.465476e+22,34.810,127.716,127.748,56.501,-0.07947029,3.464946e+13,-0.00293611,1693.165,106.443,1.522159e+12,3.292901e+03,1.585387e+23,28.223,12.531,3.468,1210.679932
2011.04.12_20:48:00_TAI,217.8,2.476223e+22,35.076,126.479,126.713,55.761,-0.03247651,3.464291e+13,-0.00297805,1675.100,109.470,6.307785e+11,3.275644e+03,1.599177e+23,28.522,13.201,3.412,1209.483276
2011.04.12_21:00:00_TAI,218.0,2.477448e+22,34.633,125.422,126.101,55.084,0.03940169,3.488163e+13,-0.00300998,1670.879,111.008,1.187961e+12,3.187379e+03,1.561251e+23,28.316,12.675,3.308,1213.561279
2011.04.12_21:12:00_TAI,218.2,2.513002e+22,34.364,124.083,124.813,54.348,0.02770954,3.499151e+13,-0.00271459,1673.929,102.595,5.533395e+11,3.115008e+03,1.563488e+23,27.962,12.063,3.176,1207.598877
2011.04.12_21:24:00_TAI,218.4,2.563282e+22,34.515,122.067,122.742,53.318,0.06031580,3.612100e+13,-0.00281917,1688.387,111.340,1.258670e+12,3.034615e+03,1.591649e+23,28.291,12.759,2.776,1206.017212
2011.04.12_21:36:00_TAI,218.6,2.584740e+22,34.499,119.573,120.188,51.894,0.10595642,3.634674e+13,-0.00299995,1684.635,121.222,2.262382e+12,2.958742e+03,1.587807e+23,28.279,12.698,2.730,1209.671875
2011.04.12_21:48:00_TAI,218.8,2.585108e+22,34.108,119.218,120.093,51.165,0.06916270,3.577110e+13,-0.00257530,1674.577,103.790,1.472891e+12,2.931815e+03,1.569191e+23,27.826,12.324,3.275,1206.823242
2011.04.12_22:00:00_TAI,219.0,2.604699e+22,34.364,117.686,118.521,50.871,0.05205830,3.543621e+13,-0.00226371,1642.166,93.125,1.131690e+12,2.887529e+03,1.577584e+23,28.027,12.441,3.245,1216.569214
2011.04.12_22:12:00_TAI,219.2,2.617348e+22,34.302,116.222,117.068,50.221,0.08117717,3.506084e+13,-0.00267620,1630.187,111.456,1.786585e+12,2.823899e+03,1.561909e+23,27.888,12.255,3.227,1211.722656
2011.04.12_22:24:00_TAI,219.4,2.612074e+22,34.088,115.733,116.708,49.921,0.06038481,3.425445e+13,-0.00229339,1596.683,95.352,1.326750e+12,2.764175e+03,1.526270e+23,27.618,11.966,3.112,1201.158081
2011.04.12_22:36:00_TAI,219.6,2.625733e+22,34.051,114.930,115.911,49.686,0.05926505,3.449645e+13,-0.00193222,1603.412,81.196,1.316216e+12,2.733748e+03,1.525734e+23,27.694,11.929,3.361,1205.564575
2011.04.12_22:48:00_TAI,219.8,2.626274e+22,33.955,114.314,115.324,49.134,0.05467132,3.391212e+13,-0.00207480,1569.424,87.075,1.249872e+12,2.719106e+03,1.515540e+23,27.361,11.387,3.316,1192.640015
2011.04.12_23:00:00_TAI,220.0,2.633826e+22,34.014,113.293,114.066,48.482,0.05809185,3.361417e+13,-0.00220920,1558.673,93.730,2.357995e+12,2.655935e+03,1.496555e+23,27.522,11.619,3.226,1195.046387
2011.04.12_23:12:00_TAI,220.2,2.653842e+22,34.082,112.056,113.092,47.775,-0.00009999,3.365511e+13,-0.00205791,1556.991,88.720,2.301056e+12,2.619357e+03,1.499704e+23,27.453,11.572,3.216,1204.076782
2011.04.12_23:24:00_TAI,220.4,2.633381e+22,33.855,113.092,114.193,48.404,-0.02295298,3.330753e+13,-0.00216727,1557.183,92.001,2.200671e+12,2.648938e+03,1.493388e+23,27.226,11.046,3.227,1191.646606
2011.04.12_23:36:00_TAI,220.6,2.635752e+22,33.951,111.891,112.676,47.872,0.06286668,3.315401e+13,-0.00198676,1535.565,85.182,1.938455e+12,2.626229e+03,1.495373e+23,27.288,11.041,3.319,1193.439087
2011.04.12_23:48:00_TAI,220.8,2.640501e+22,34.081,111.457,112.269,47.621,0.04033824,3.275800e+13,-0.00151783,1523.275,65.069,9.140776e+11,2.651739e+03,1.509757e+23,27.406,11.465,3.412,1195.038452
2011.04.13_00:00:00_TAI,221.0,2.642577e+22,34.210,110.569,111.414,47.121,0.01001219,3.344393e+13,-0.00115933,1539.047,49.957,9.049397e+11,2.670903e+03,1.528507e+23,27.610,11.991,3.270,1187.454468
2011.04.13_00:12:00_TAI,221.2,2.635327e+22,34.308,110.082,110.935,47.218,-0.01647490,3.289534e+13,-0.00166448,1521.145,71.465,1.168323e+12,2.680132e+03,1.528235e+23,27.538,11.801,3.305,1180.417114
2011.04.13_00:24:00_TAI,221.4,2.639753e+22,34.258,110.376,111.308,47.316,-0.02088404,3.266654e+13,-0.00118893,1515.367,51.038,4.739148e+11,2.698189e+03,1.538246e+23,27.535,11.787,3.444,1170.421509
2011.04.13_00:36:00_TAI,221.6,2.639498e+22,34.399,110.199,110.936,47.697,0.00241362,3.330454e+13,-0.00162929,1527.443,70.099,5.971959e+11,2.705875e+03,1.546113e+23,27.803,12.349,3.187,1168.565552
2011.04.13_00:48:00_TAI,221.8,2.653909e+22,34.271,110.199,110.972,47.360,-0.02655716,3.333129e+13,-0.00150755,1533.442,65.190,6.071434e+11,2.695950e+03,1.548319e+23,27.617,11.828,3.318,1169.535156
2011.04.13_01:00:00_TAI,222.0,2.648804e+22,34.186,109.455,110.282,47.288,0.00228930,3.272901e+13,-0.00183844,1512.822,79.454,1.568686e+12,2.711131e+03,1.556065e+23,27.626,11.731,3.167,1173.358032
2011.04.13_01:12:00_TAI,222.2,2.670160e+22,34.360,109.030,109.857,46.883,-0.01412153,3.278645e+13,-0.00144182,1497.465,62.933,3.258728e+11,2.686091e+03,1.557033e+23,27.683,11.918,3.283,1173.168579
2011.04.13_01:24:00_TAI,222.4,2.693075e+22,34.465,109.245,110.338,46.602,0.01272190,3.384491e+13,-0.00126747,1535.935,55.994,2.971555e+11,2.673766e+03,1.568743e+23,27.913,12.130,3.386,1158.048950
2011.04.13_01:36:00_TAI,222.6,2.704635e+22,34.537,108.980,110.290,46.471,0.01542078,3.402817e+13,-0.00141226,1558.942,62.710,3.620576e+11,2.675156e+03,1.577624e+23,27.970,12.415,3.392,1163.690063
2011.04.13_01:48:00_TAI,222.8,2.708963e+22,34.583,109.776,110.956,46.939,-0.02946405,3.435291e+13,-0.00137433,1575.203,60.956,6.910157e+11,2.690752e+03,1.585034e+23,27.981,12.388,3.354,1168.349243
2011.04.13_02:00:00_TAI,223.0,2.707525e+22,34.474,110.130,111.321,47.354,-0.04134163,3.396617e+13,-0.00122354,1566.157,53.823,9.616298e+11,2.737506e+03,1.599306e+23,27.986,12.312,3.684,1168.484741
2011.04.13_02:12:00_TAI,223.2,2.729296e+22,34.601,110.709,112.110,47.239,0.00269194,3.476186e+13,-0.00080814,1602.356,35.871,1.879156e+12,2.776129e+03,1.636470e+23,28.181,12.632,3.697,1175.413574
2011.04.13_02:24:00_TAI,223.4,2.743445e+22,34.639,111.573,112.668,47.869,-0.04079488,3.579546e+13,-0.00105726,1627.947,47.034,1.739037e+12,2.782642e+03,1.644042e+23,28.397,12.979,3.675,1180.323486
2011.04.13_02:36:00_TAI,223.6,2.760840e+22,34.074,112.190,113.239,47.886,-0.07539566,3.622218e+13,-0.00090518,1665.205,40.146,2.725895e+12,2.766272e+03,1.629374e+23,27.977,12.135,3.656,1179.019531
2011.04.13_02:48:00_TAI,223.8,2.749171e+22,34.116,113.338,114.179,48.471,-0.07050367,3.606357e+13,-0.00156733,1664.787,68.663,1.633435e+12,2.820313e+03,1.640941e+23,28.160,12.609,3.540,1171.889282
2011.04.13_03:00:00_TAI,224.0,2.747335e+22,34.147,115.343,116.216,49.316,0.02327223,3.648052e+13,-0.00177096,1693.607,76.776,5.736032e+11,2.868525e+03,1.651583e+23,28.156,12.555,3.616,1178.150879
2011.04.13_03:12:00_TAI,224.2,2.743455e+22,34.040,116.282,117.299,49.817,-0.03649465,3.654049e+13,-0.00180560,1702.380,77.399,8.273176e+11,2.908868e+03,1.655960e+23,28.097,12.177,3.520,1186.678467
2011.04.13_03:24:00_TAI,224.4,2.749823e+22,33.884,117.155,118.030,50.420,-0.05817441,3.715004e+13,-0.00170563,1725.238,72.747,1.312207e+12,2.912802e+03,1.649882e+23,27.969,11.953,3.631,1195.681274
2011.04.13_03:36:00_TAI,224.6,2.730182e+22,33.687,118.833,119.806,51.288,-0.07155655,3.684879e+13,-0.00184086,1745.170,76.453,1.571713e+12,2.989415e+03,1.648812e+23,27.827,11.726,3.422,1186.098877
2011.04.13_03:48:00_TAI,224.8,2.719959e+22,33.633,120.581,121.338,52.173,-0.13383397,3.701403e+13,-0.00225631,1783.984,92.290,2.895301e+12,3.044071e+03,1.653611e+23,27.689,11.610,3.308,1184.352295
2011.04.13_04:00:00_TAI,225.0,2.701431e+22,33.818,121.344,121.981,52.812,-0.12880436,3.689377e+13,-0.00205689,1777.291,82.812,2.742749e+12,3.121334e+03,1.668928e+23,27.683,11.582,3.324,1184.561279
2011.04.13_04:12:00_TAI,225.2,2.690060e+22,34.046,122.257,123.012,53.530,-0.12691472,3.706701e+13,-0.00207557,1785.663,82.462,2.666991e+12,3.176637e+03,1.676138e+23,27.742,11.595,3.405,1179.981079
2011.04.13_04:24:00_TAI,225.4,2.680435e+22,33.883,122.691,123.220,53.980,-0.10563412,3.624510e+13,-0.00168509,1770.105,66.185,2.194588e+12,3.210893e+03,1.674939e+23,27.555,11.431,3.261,1190.472900
2011.04.13_04:36:00_TAI,225.6,2.696535e+22,33.960,122.529,122.696,54.112,-0.19712172,3.659515e+13,-0.00200143,1779.363,79.288,4.130592e+12,3.216959e+03,1.692543e+23,27.723,11.949,3.223,1182.654175
2011.04.13_04:48:00_TAI,225.8,2.706219e+22,33.587,122.475,122.786,53.747,-0.24709626,3.607133e+13,-0.00154246,1774.109,61.026,5.171077e+12,3.169919e+03,1.665605e+23,27.316,10.949,3.434,1189.135376
2011.04.13_05:00:00_TAI,226.0,2.712781e+22,33.694,121.100,121.251,53.120,-0.22779489,3.550930e+13,-0.00186806,1737.229,74.597,4.811684e+12,3.130626e+03,1.660300e+23,27.383,11.098,3.583,1181.828125
2011.04.13_05:12:00_TAI,226.2,2.738248e+22,33.556,119.486,119.419,52.286,-0.15084958,3.524740e+13,-0.00158303,1731.596,64.274,3.239724e+12,3.082851e+03,1.662312e+23,27.271,10.763,3.209,1188.206299
2011.04.13_05:24:00_TAI,226.4,2.793014e+22,33.467,117.301,117.119,50.930,-0.10478210,3.554981e+13,-0.00175804,1724.885,74.449,2.347267e+12,2.963728e+03,1.666880e+23,27.210,10.638,3.475,1191.471313
2011.04.13_05:36:00_TAI,226.6,2.825763e+22,33.533,115.020,114.958,49.331,-0.08326881,3.576245e+13,-0.00124182,1722.789,54.196,1.922312e+12,2.874866e+03,1.666268e+23,27.350,10.673,3.588,1182.270996
2011.04.13_05:48:00_TAI,226.8,2.808710e+22,33.162,113.983,113.948,48.717,-0.08727129,3.405410e+13,-0.00167100,1652.867,71.933,1.987402e+12,2.863021e+03,1.636893e+23,27.085,10.246,3.534,1190.820068
2011.04.13_06:24:00_TAI,227.4,2.889816e+22,32.907,110.273,110.162,46.750,0.03858985,3.442998e+13,-0.00175648,1635.830,80.296,1.567880e+12,2.683910e+03,1.629443e+23,27.086,10.091,3.683,1188.585571
2011.04.13_06:36:00_TAI,227.6,2.908576e+22,32.941,109.439,109.630,45.979,0.06341633,3.470802e+13,-0.00152663,1633.845,70.744,1.554630e+12,2.652749e+03,1.632649e+23,27.254,10.155,3.767,1186.455566
2011.04.13_06:48:00_TAI,227.8,2.924629e+22,33.011,109.727,109.797,46.408,0.02795739,3.489830e+13,-0.00192004,1637.819,89.411,1.554862e+12,2.650345e+03,1.639089e+23,27.274,10.142,3.471,1180.339600
2011.04.13_07:00:00_TAI,228.0,2.925266e+22,32.601,110.526,110.519,46.373,0.00165709,3.512468e+13,-0.00174225,1657.733,80.543,6.727424e+10,2.643472e+03,1.623007e+23,27.071,9.913,3.283,1175.029419
2011.04.13_07:12:00_TAI,228.2,2.923022e+22,32.617,110.120,110.026,46.462,0.00150861,3.538877e+13,-0.00183689,1669.055,84.754,1.307151e+11,2.653529e+03,1.625976e+23,27.041,9.928,3.048,1161.943970
2011.04.13_07:24:00_TAI,228.4,2.906685e+22,32.637,109.898,109.789,46.515,0.02308371,3.562911e+13,-0.00178659,1685.672,81.717,5.585271e+11,2.679656e+03,1.627750e+23,27.117,9.954,3.499,1161.270752
2011.04.13_07:36:00_TAI,228.6,2.896433e+22,32.503,110.227,110.447,46.452,-0.02537064,3.611693e+13,-0.00217357,1707.610,98.691,9.313312e+11,2.694983e+03,1.625071e+23,27.104,9.858,3.416,1161.268677
2011.04.13_07:48:00_TAI,228.8,2.848080e+22,32.577,110.907,111.173,47.096,-0.00501673,3.577592e+13,-0.00202393,1696.153,89.433,5.021194e+11,2.742483e+03,1.609389e+23,27.101,10.091,3.445,1152.021973
2011.04.13_08:00:00_TAI,229.0,2.804807e+22,32.259,112.130,112.455,47.254,-0.02724449,3.517845e+13,-0.00237355,1679.332,101.911,1.751305e+12,2.777099e+03,1.583601e+23,26.973,9.339,3.494,1146.825806
2011.04.13_08:12:00_TAI,229.2,2.761112e+22,32.061,113.352,113.503,48.088,-0.05072073,3.519237e+13,-0.00204565,1685.750,85.463,1.120925e+12,2.803535e+03,1.555524e+23,26.649,8.827,3.473,1145.965942
2011.04.13_08:24:00_TAI,229.4,2.712578e+22,31.985,113.818,114.126,48.415,-0.07751154,3.460355e+13,-0.00229019,1664.876,93.369,1.671616e+12,2.846920e+03,1.541448e+23,26.687,9.002,3.300,1150.981079
2011.04.13_08:36:00_TAI,229.6,2.677569e+22,31.758,114.873,115.075,48.669,-0.15991667,3.426339e+13,-0.00197260,1664.550,78.449,3.364056e+12,2.865056e+03,1.513179e+23,26.431,8.791,3.405,1153.338745
2011.04.13_08:48:00_TAI,229.8,2.641927e+22,31.873,115.318,115.212,49.044,-0.15881328,3.357356e+13,-0.00225170,1629.921,88.048,3.284944e+12,2.864326e+03,1.487497e+23,26.387,8.754,3.131,1150.743896
2011.04.13_09:00:00_TAI,230.0,2.611743e+22,31.763,115.626,115.366,49.438,-0.22571915,3.325142e+13,-0.00205182,1619.870,79.293,4.614105e+12,2.870580e+03,1.473285e+23,26.211,8.736,2.914,1144.409058
2011.04.13_09:12:00_TAI,230.2,2.603356e+22,31.957,115.263,115.188,49.375,-0.14436026,3.312684e+13,-0.00232011,1608.949,89.786,2.954989e+12,2.865208e+03,1.472545e+23,26.266,8.863,3.094,1144.352295
2011.04.13_09:24:00_TAI,230.4,2.601458e+22,31.890,114.852,114.347,49.379,-0.21298386,3.302813e+13,-0.00180160,1590.749,70.046,4.380010e+12,2.826037e+03,1.459206e+23,26.247,8.817,3.207,1138.593262
2011.04.13_09:36:00_TAI,230.6,2.589787e+22,31.827,115.542,114.981,49.690,-0.17379661,3.251323e+13,-0.00164449,1570.327,63.542,3.551915e+12,2.834874e+03,1.454696e+23,26.087,8.608,3.451,1137.753296
2011.04.13_09:48:00_TAI,230.8,2.608412e+22,31.716,115.776,115.018,49.504,-0.14705218,3.266550e+13,-0.00184776,1572.097,72.323,3.044561e+12,2.788581e+03,1.449643e+23,26.015,8.732,3.528,1135.469604
2011.04.13_10:00:00_TAI,231.0,2.604083e+22,31.779,116.043,115.101,49.630,-0.15094216,3.278178e+13,-0.00135546,1565.358,53.245,3.136061e+12,2.770689e+03,1.445420e+23,25.957,8.587,3.600,1133.908569
2011.04.13_10:12:00_TAI,231.2,2.595881e+22,31.764,115.943,114.931,49.245,-0.03998683,3.269676e+13,-0.00141558,1569.324,55.573,8.302877e+11,2.751105e+03,1.434363e+23,26.029,8.592,3.642,1139.894409
2011.04.13_10:24:00_TAI,231.4,2.594906e+22,31.764,115.983,114.957,49.664,0.05375123,3.263222e+13,-0.00189926,1560.095,74.671,2.185961e+12,2.743626e+03,1.432541e+23,25.967,8.462,3.650,1135.424316
2011.04.13_10:36:00_TAI,231.6,2.615500e+22,31.910,114.683,113.598,48.900,0.02493151,3.297806e+13,-0.00122504,1550.151,49.267,5.302901e+11,2.696227e+03,1.440054e+23,25.997,8.427,3.673,1133.058472
2011.04.13_10:48:00_TAI,231.8,2.637547e+22,31.889,115.034,113.855,48.739,0.06401815,3.339243e+13,-0.00143509,1571.466,58.526,1.380759e+12,2.661712e+03,1.441591e+23,26.026,8.521,3.701,1132.548218
2011.04.13_11:00:00_TAI,232.0,2.632825e+22,31.822,114.474,113.157,48.340,0.03259480,3.260771e+13,-0.00130121,1539.237,53.147,7.040660e+11,2.652563e+03,1.438820e+23,26.030,8.555,3.383,1125.743042
2011.04.13_11:12:00_TAI,232.2,2.654472e+22,31.929,113.070,111.755,47.788,0.04014039,3.309231e+13,-0.00142785,1556.439,59.408,8.832542e+11,2.631114e+03,1.453882e+23,26.168,8.794,3.419,1122.492798
2011.04.13_11:24:00_TAI,232.4,2.657501e+22,31.723,112.740,111.281,47.576,0.00842529,3.289591e+13,-0.00153986,1541.863,64.063,8.934145e+11,2.610270e+03,1.442226e+23,25.993,8.381,3.389,1126.485352
2011.04.13_11:36:00_TAI,232.6,2.673418e+22,31.772,111.616,110.402,47.048,0.02770607,3.290546e+13,-0.00108767,1534.117,45.903,7.021944e+11,2.556882e+03,1.433067e+23,25.968,8.476,3.136,1115.210449
2011.04.13_11:48:00_TAI,232.8,2.672131e+22,31.569,111.656,110.296,46.797,0.06075453,3.256000e+13,-0.00123913,1529.007,52.164,1.352502e+12,2.548098e+03,1.424591e+23,25.865,8.250,3.070,1112.016113
2011.04.13_12:00:00_TAI,233.0,2.659071e+22,31.591,112.090,110.650,46.849,0.07269160,3.219172e+13,-0.00150255,1514.598,62.649,1.602751e+12,2.562051e+03,1.418714e+23,25.849,8.085,3.136,1107.286255
2011.04.13_12:12:00_TAI,233.2,2.662585e+22,31.582,111.554,110.245,46.680,0.02301648,3.236480e+13,-0.00099741,1514.102,41.639,5.081032e+11,2.556994e+03,1.417679e+23,25.806,7.941,3.449,1109.494751
2011.04.13_12:24:00_TAI,233.4,2.666971e+22,31.656,110.975,109.749,46.230,0.02983220,3.208394e+13,-0.00113001,1513.359,47.333,6.608048e+11,2.555977e+03,1.421969e+23,25.817,7.897,3.325,1104.077515
2011.04.13_12:36:00_TAI,233.6,2.672596e+22,31.651,111.116,109.889,46.243,0.05464255,3.231027e+13,-0.00130141,1522.535,54.525,1.210575e+12,2.549355e+03,1.418556e+23,25.867,8.222,3.431,1105.015747
2011.04.13_12:48:00_TAI,233.8,2.674942e+22,31.512,111.334,110.216,46.365,0.06968810,3.191547e+13,-0.00132273,1507.199,55.212,1.538042e+12,2.561372e+03,1.419868e+23,25.703,7.793,3.183,1107.232422
2011.04.13_13:00:00_TAI,234.0,2.699354e+22,31.522,111.775,110.688,46.431,0.07438388,3.275400e+13,-0.00149774,1536.854,63.356,1.663705e+12,2.531849e+03,1.422366e+23,25.729,7.825,3.353,1110.031982
2011.04.13_13:12:00_TAI,234.2,2.681312e+22,31.422,112.192,110.927,46.425,0.04568715,3.226276e+13,-0.00160674,1517.044,67.093,1.008696e+12,2.558105e+03,1.418635e+23,25.747,7.895,3.512,1110.005615
2011.04.13_13:24:00_TAI,234.4,2.693362e+22,31.097,112.967,111.723,46.513,0.04879890,3.246966e+13,-0.00142576,1527.936,59.574,1.078071e+12,2.546480e+03,1.413101e+23,25.493,7.496,3.535,1112.554932
2011.04.13_13:36:00_TAI,234.6,2.681003e+22,31.053,112.951,111.727,46.299,-0.00495455,3.208266e+13,-0.00164302,1523.629,68.060,1.059239e+12,2.562788e+03,1.409864e+23,25.473,7.752,3.572,1116.486206
2011.04.13_13:48:00_TAI,234.8,2.680496e+22,30.888,112.297,111.141,46.383,0.01744160,3.225430e+13,-0.00190396,1528.611,78.790,1.093939e+12,2.538725e+03,1.395211e+23,25.249,7.341,3.449,1120.661133
2011.04.13_14:00:00_TAI,235.0,2.695761e+22,30.731,113.160,111.971,46.669,0.01824312,3.272139e+13,-0.00173477,1546.394,71.904,1.143836e+12,2.529721e+03,1.392513e+23,25.060,6.965,3.316,1115.328491
2011.04.13_14:12:00_TAI,235.2,2.671858e+22,30.440,114.329,112.963,47.233,-0.02549312,3.238504e+13,-0.00182770,1545.514,74.408,1.782079e+12,2.541765e+03,1.374231e+23,24.895,6.762,3.533,1112.139404
2011.04.13_14:24:00_TAI,235.4,2.644799e+22,30.321,114.787,113.582,47.460,-0.01949249,3.179527e+13,-0.00172406,1524.962,68.717,1.298213e+12,2.571902e+03,1.361458e+23,24.812,6.626,3.506,1105.038818
2011.04.13_14:36:00_TAI,235.6,2.650478e+22,30.084,114.930,113.875,47.103,-0.02593674,3.186570e+13,-0.00167885,1539.369,66.551,1.014140e+12,2.574450e+03,1.355354e+23,24.651,6.231,3.308,1095.358521
2011.04.13_14:48:00_TAI,235.8,2.647720e+22,30.191,115.159,114.291,47.297,-0.01651723,3.214657e+13,-0.00194390,1550.555,76.932,1.389290e+12,2.602244e+03,1.367809e+23,24.750,6.395,3.173,1082.273682
2011.04.13_15:00:00_TAI,236.0,2.653485e+22,30.096,115.108,114.565,47.425,-0.06980343,3.185335e+13,-0.00175416,1548.293,69.152,1.454660e+12,2.645387e+03,1.384970e+23,24.883,6.649,3.509,1077.124878
2011.04.13_15:12:00_TAI,236.2,2.649504e+22,29.943,115.366,114.989,46.990,-0.03295856,3.190598e+13,-0.00184292,1553.046,72.200,1.023880e+12,2.643845e+03,1.375596e+23,24.706,6.174,3.305,1078.183228
2011.04.13_15:24:00_TAI,236.4,2.647587e+22,29.847,116.288,116.077,47.002,-0.10387141,3.214568e+13,-0.00176596,1571.499,68.706,2.136267e+12,2.663216e+03,1.376089e+23,24.683,6.243,3.346,1074.148926
2011.04.13_15:36:00_TAI,236.6,2.656983e+22,29.674,116.297,116.142,46.536,-0.09651022,3.194694e+13,-0.00184733,1576.199,71.595,1.977243e+12,2.688396e+03,1.383780e+23,24.600,6.151,3.539,1078.311768
2011.04.13_15:48:00_TAI,236.8,2.694805e+22,29.674,115.168,115.076,46.173,-0.08385960,3.200877e+13,-0.00190559,1568.494,75.357,1.752927e+12,2.653921e+03,1.393774e+23,24.718,6.082,3.378,1064.103027
2011.04.13_16:00:00_TAI,237.0,2.717664e+22,29.456,114.310,114.349,45.637,-0.13152635,3.233467e+13,-0.00244523,1587.590,97.547,2.773540e+12,2.619069e+03,1.387609e+23,24.608,5.901,3.380,1060.713867
2011.04.13_16:12:00_TAI,237.2,2.766919e+22,29.519,112.452,112.452,44.872,-0.12904699,3.292233e+13,-0.00232037,1599.915,95.288,2.801306e+12,2.574111e+03,1.403924e+23,24.745,6.161,3.378,1060.195190
2011.04.13_16:24:00_TAI,237.4,2.821279e+22,29.490,110.891,110.830,44.137,-0.06765925,3.381632e+13,-0.00213378,1633.232,90.321,1.513805e+12,2.538756e+03,1.427156e+23,24.882,6.364,3.390,1055.102661
2011.04.13_16:36:00_TAI,237.6,2.867441e+22,29.780,108.680,108.885,43.124,-0.01849774,3.406144e+13,-0.00187806,1621.273,82.411,1.474914e+12,2.467927e+03,1.438240e+23,25.140,6.693,3.568,1050.904419
2011.04.13_16:48:00_TAI,237.8,2.913754e+22,29.732,106.941,106.947,42.386,0.00244203,3.428742e+13,-0.00158957,1625.862,71.771,3.427382e+11,2.409754e+03,1.444950e+23,25.057,6.476,3.093,1045.474243
2011.04.13_17:00:00_TAI,238.0,2.962741e+22,29.688,106.606,106.464,42.430,-0.04525216,3.428296e+13,-0.00171744,1615.237,79.486,1.107044e+12,2.364774e+03,1.453560e+23,24.962,6.326,3.239,1034.430176
2011.04.13_17:12:00_TAI,238.2,2.977691e+22,29.561,105.756,105.412,41.895,-0.01812951,3.348005e+13,-0.00164746,1568.140,77.179,7.089156e+11,2.338513e+03,1.454935e+23,24.911,6.120,3.309,1032.966431
2011.04.13_17:24:00_TAI,238.4,2.995015e+22,29.365,104.409,104.042,41.164,0.01894573,3.320105e+13,-0.00126584,1545.351,60.103,4.754892e+11,2.265802e+03,1.428804e+23,24.680,5.907,3.286,1038.402344
2011.04.13_17:36:00_TAI,238.6,3.013891e+22,29.721,102.736,102.497,40.506,0.00651828,3.339037e+13,-0.00151715,1548.813,73.430,1.194624e+12,2.230263e+03,1.433583e+23,25.023,6.541,3.308,1030.269165
2011.04.13_17:48:00_TAI,238.8,2.991343e+22,29.480,102.930,102.654,40.496,0.02339329,3.278696e+13,-0.00149232,1527.177,71.409,1.702301e+12,2.205013e+03,1.401247e+23,24.584,5.996,3.319,1027.418701
2011.04.14_03:24:00_TAI,248.4,2.933121e+22,28.123,95.240,95.275,36.427,0.00510993,3.114179e+13,-0.00005765,1369.039,2.801,2.173437e+12,1.939949e+03,1.251560e+23,23.512,5.115,3.507,839.102966
2011.04.14_03:36:00_TAI,248.6,2.864785e+22,28.173,98.433,98.455,37.710,-0.01136781,3.051379e+13,-0.00047379,1372.756,21.965,1.951216e+12,2.054028e+03,1.264627e+23,23.744,5.166,3.488,836.992615
2011.04.14_03:48:00_TAI,248.8,2.840615e+22,28.577,99.807,100.028,38.501,-0.01901411,3.100319e+13,-0.00046667,1389.042,21.335,1.375785e+12,2.109866e+03,1.281045e+23,23.975,5.685,3.323,833.009949
2011.04.14_04:00:00_TAI,249.0,2.777941e+22,28.423,102.365,102.354,39.843,-0.00886669,3.093653e+13,-0.00047922,1400.009,21.025,1.623952e+12,2.195277e+03,1.279113e+23,24.031,5.486,3.327,836.810242
2011.04.14_04:12:00_TAI,249.2,2.604091e+22,28.801,104.938,104.898,41.445,-0.07321355,2.940680e+13,-0.00033022,1352.893,13.304,2.415059e+12,2.351607e+03,1.258272e+23,24.321,5.810,3.462,819.524231
2011.04.14_04:24:00_TAI,249.4,2.588155e+22,28.760,106.780,106.687,42.253,-0.13084914,2.910199e+13,0.00028192,1359.118,11.108,4.136306e+12,2.419524e+03,1.266143e+23,24.217,5.664,3.371,816.503967
2011.04.14_04:36:00_TAI,249.6,2.584829e+22,28.829,107.592,107.375,42.356,-0.05066983,2.931470e+13,-0.00015605,1368.390,6.115,2.133083e+12,2.452152e+03,1.276086e+23,24.278,5.714,3.492,807.185608
2011.04.14_04:48:00_TAI,249.8,2.575134e+22,28.759,107.599,107.493,42.280,-0.13637626,2.895355e+13,0.00025120,1356.073,9.746,3.269822e+12,2.465095e+03,1.270184e+23,24.174,5.590,3.521,807.786194
2011.04.14_05:00:00_TAI,250.0,2.569853e+22,28.755,108.460,107.934,42.703,-0.12499017,2.864488e+13,0.00019450,1350.004,7.528,3.594392e+12,2.476193e+03,1.272844e+23,24.331,5.818,3.515,800.389343
2011.04.14_05:12:00_TAI,250.2,2.584390e+22,28.668,107.323,106.760,42.211,-0.08965442,2.851073e+13,0.00029649,1344.010,11.605,2.776720e+12,2.443017e+03,1.269904e+23,24.175,5.513,3.512,794.314697
2011.04.14_05:24:00_TAI,250.4,2.616321e+22,28.533,105.971,105.483,41.281,-0.12244513,2.863187e+13,0.00048995,1347.584,19.602,3.653616e+12,2.356113e+03,1.251891e+23,23.988,5.326,3.399,795.346802
2011.04.14_05:36:00_TAI,250.6,2.638466e+22,28.388,105.121,104.673,40.477,-0.08166111,2.855515e+13,0.00050853,1345.666,20.641,3.107507e+12,2.293623e+03,1.236385e+23,23.703,5.218,3.645,796.380432
2011.04.14_05:48:00_TAI,250.8,2.659256e+22,28.128,103.820,103.283,39.853,-0.07622331,2.758289e+13,0.00043006,1294.292,17.751,2.719289e+12,2.238675e+03,1.227160e+23,23.594,4.918,3.652,796.363770
2011.04.14_06:24:00_TAI,251.4,2.737024e+22,27.888,99.595,99.138,37.640,-0.02222208,2.698777e+13,0.00041393,1256.138,18.035,2.630320e+12,2.070158e+03,1.197909e+23,23.157,4.599,3.673,799.278259
2011.04.14_06:36:00_TAI,251.6,2.770852e+22,27.771,98.116,97.916,37.338,-0.00586146,2.720609e+13,0.00090337,1249.255,40.142,4.611793e+12,2.015481e+03,1.189395e+23,22.987,4.303,3.755,796.259460
2011.04.14_06:48:00_TAI,251.8,2.791965e+22,27.958,96.904,96.594,36.999,-0.01704615,2.711923e+13,0.00063642,1236.977,28.683,3.649593e+12,1.991121e+03,1.191811e+23,23.146,4.670,3.601,789.737854
2011.04.14_07:00:00_TAI,252.0,2.821232e+22,27.939,96.071,95.815,36.641,0.01651648,2.789197e+13,0.00077963,1273.180,35.736,4.371185e+12,1.980171e+03,1.205506e+23,23.197,4.649,3.737,790.515076
2011.04.14_07:12:00_TAI,252.2,2.832843e+22,27.916,95.394,95.264,36.332,0.00872229,2.775771e+13,0.00024134,1265.860,11.091,2.290570e+12,1.973367e+03,1.204430e+23,23.140,4.341,3.649,785.552246
2011.04.14_07:24:00_TAI,252.4,2.853367e+22,27.803,95.326,95.248,36.550,-0.01039713,2.844015e+13,0.00029779,1294.262,13.713,2.796038e+12,1.995916e+03,1.220658e+23,23.170,4.258,3.618,796.441711
2011.04.14_07:36:00_TAI,252.6,2.854898e+22,27.978,95.665,95.740,36.445,0.00497193,2.904655e+13,0.00061040,1321.665,28.078,3.946275e+12,2.009779e+03,1.227855e+23,23.259,4.402,3.644,796.155457
2011.04.14_07:48:00_TAI,252.8,2.837378e+22,27.963,96.318,96.524,36.900,0.03290480,2.905090e+13,0.00038121,1335.334,17.236,2.977097e+12,2.061007e+03,1.237556e+23,23.244,4.368,3.697,796.085449
2011.04.14_08:00:00_TAI,253.0,2.816303e+22,27.847,97.292,97.371,37.194,0.01270316,2.919776e+13,0.00035340,1352.440,15.735,2.746425e+12,2.109083e+03,1.247070e+23,23.332,4.526,3.690,789.800354
2011.04.14_08:12:00_TAI,253.2,2.785960e+22,27.635,98.393,98.675,37.248,-0.03272697,2.914028e+13,0.00045801,1356.912,19.955,3.452430e+12,2.139205e+03,1.237806e+23,23.195,4.319,3.646,784.903442
2011.04.14_08:24:00_TAI,253.4,2.741155e+22,27.533,99.898,100.259,37.799,-0.03098058,2.932092e+13,0.00024330,1386.042,10.285,2.668434e+12,2.190262e+03,1.229564e+23,23.066,4.287,3.666,780.918274
2011.04.14_08:36:00_TAI,253.6,2.691134e+22,27.491,100.091,100.413,38.044,-0.12125909,2.903591e+13,0.00065767,1368.198,27.069,4.138090e+12,2.213545e+03,1.210004e+23,22.993,4.295,3.647,778.728149
2011.04.14_08:48:00_TAI,253.8,2.652914e+22,27.390,101.485,101.938,38.434,-0.09737932,2.852136e+13,0.00019455,1352.101,7.816,2.498316e+12,2.229639e+03,1.189576e+23,22.967,4.403,3.652,781.658081
2011.04.14_09:00:00_TAI,254.0,2.608044e+22,27.370,101.898,102.099,38.798,-0.12468307,2.803824e+13,0.00039656,1334.467,15.585,3.552362e+12,2.268424e+03,1.183969e+23,22.933,4.252,3.679,774.127014
2011.04.14_09:12:00_TAI,254.2,2.571077e+22,27.270,102.967,103.076,39.064,-0.11859472,2.734494e+13,0.00013459,1319.210,5.171,2.411402e+12,2.245113e+03,1.145534e+23,22.625,4.151,3.614,781.411926
2011.04.14_09:24:00_TAI,254.4,2.558277e+22,27.286,103.725,104.021,39.296,-0.12119526,2.775027e+13,0.00053879,1333.240,20.646,3.111020e+12,2.229260e+03,1.134485e+23,22.532,3.959,3.635,765.674805
2011.04.14_09:36:00_TAI,254.6,2.550992e+22,27.310,103.517,103.469,39.206,-0.10399956,2.724191e+13,0.00087422,1303.610,33.631,3.537384e+12,2.214507e+03,1.131447e+23,22.567,3.951,3.579,760.113159
2011.04.14_09:48:00_TAI,254.8,2.525355e+22,27.314,103.831,103.802,39.311,-0.15868159,2.646856e+13,0.00066885,1273.848,25.347,3.182422e+12,2.219167e+03,1.116882e+23,22.556,4.008,3.639,765.863342
2011.04.14_10:00:00_TAI,255.0,2.540610e+22,27.421,102.783,102.715,38.856,-0.06573378,2.673037e+13,0.00052858,1262.652,20.378,2.552322e+12,2.176663e+03,1.114482e+23,22.658,4.326,3.669,763.956116
2011.04.14_10:12:00_TAI,255.2,2.527477e+22,27.433,103.363,103.295,38.907,-0.11035839,2.657303e+13,0.00049294,1260.625,18.867,2.723299e+12,2.194421e+03,1.115415e+23,22.685,4.481,3.659,767.303528
2011.04.14_10:24:00_TAI,255.4,2.529796e+22,27.424,103.145,102.966,38.828,-0.10067529,2.638248e+13,0.00080888,1261.438,31.068,3.062598e+12,2.169592e+03,1.106713e+23,22.443,4.119,3.728,760.031677
2011.04.14_10:36:00_TAI,255.6,2.529121e+22,27.316,102.609,102.173,38.622,-0.09093022,2.641666e+13,0.00098609,1254.162,38.093,3.546536e+12,2.153633e+03,1.104864e+23,22.439,4.287,3.727,762.380066
2011.04.14_10:48:00_TAI,255.8,2.544010e+22,27.455,101.764,101.424,38.133,-0.09181952,2.669401e+13,0.00064058,1250.032,25.142,2.317847e+12,2.127155e+03,1.108824e+23,22.442,4.420,3.693,757.682434
2011.04.14_11:00:00_TAI,256.0,2.534381e+22,27.371,101.566,101.216,38.071,-0.03394553,2.661825e+13,0.00114569,1248.354,44.825,3.425809e+12,2.102124e+03,1.092314e+23,22.275,4.020,3.709,748.287231
2011.04.14_11:12:00_TAI,256.2,2.554393e+22,27.292,101.601,101.160,38.019,-0.02418546,2.656326e+13,0.00133209,1246.076,52.713,4.356717e+12,2.085775e+03,1.096173e+23,22.290,4.033,3.743,747.528748
2011.04.14_11:24:00_TAI,256.4,2.575392e+22,27.069,100.917,100.593,37.482,-0.01509562,2.656535e+13,0.00116656,1239.751,46.749,3.633067e+12,2.022097e+03,1.076161e+23,22.061,3.768,3.769,744.810486
2011.04.14_11:36:00_TAI,256.6,2.578123e+22,27.181,99.658,99.346,36.979,-0.01564977,2.633242e+13,0.00047976,1228.908,19.434,1.413369e+12,1.994781e+03,1.073121e+23,22.190,4.108,3.720,737.185486
2011.04.14_11:48:00_TAI,256.8,2.562946e+22,27.099,98.982,98.746,36.784,-0.03450375,2.611599e+13,0.00068441,1218.247,27.527,2.455828e+12,2.002630e+03,1.069710e+23,22.144,4.117,3.713,734.975159
2011.04.14_12:00:00_TAI,257.0,2.572118e+22,26.957,99.308,98.892,36.889,-0.00652938,2.604647e+13,0.00057621,1222.507,23.234,2.799941e+12,1.977594e+03,1.058963e+23,21.917,3.738,3.702,728.185974
2011.04.14_12:12:00_TAI,257.2,2.574220e+22,26.926,100.052,99.641,37.125,-0.05273002,2.610653e+13,0.00075884,1224.203,30.490,2.663536e+12,1.993858e+03,1.063966e+23,21.944,3.905,3.639,726.885010
2011.04.14_12:24:00_TAI,257.4,2.580206e+22,27.138,99.667,99.244,36.897,-0.04119874,2.619259e+13,0.00081646,1219.138,33.174,2.674970e+12,1.964590e+03,1.060114e+23,22.075,3.967,3.654,724.399780
2011.04.14_12:36:00_TAI,257.6,2.575930e+22,26.968,100.326,99.771,37.120,-0.07352614,2.612784e+13,0.00081931,1208.052,33.103,2.910473e+12,1.989200e+03,1.067371e+23,22.007,3.764,3.688,724.555359
2011.04.14_12:48:00_TAI,257.8,2.562953e+22,27.006,99.996,99.433,37.133,-0.07330681,2.610045e+13,0.00083758,1215.212,33.602,2.609283e+12,2.006804e+03,1.069248e+23,22.045,4.018,3.579,715.186340
2011.04.14_13:00:00_TAI,258.0,2.570695e+22,27.086,99.625,99.106,36.961,-0.06342056,2.609685e+13,0.00044274,1210.772,17.861,1.353581e+12,1.985668e+03,1.063893e+23,21.969,3.924,3.567,712.695923
2011.04.14_13:12:00_TAI,258.2,2.564438e+22,27.023,99.673,99.165,36.799,-0.09545895,2.609930e+13,0.00041522,1209.744,16.671,2.027583e+12,2.000294e+03,1.066603e+23,22.090,3.905,3.663,717.135498
2011.04.14_13:24:00_TAI,258.4,2.557934e+22,26.980,99.403,99.185,36.718,-0.09067225,2.574799e+13,0.00077891,1194.539,31.001,2.509399e+12,2.009002e+03,1.061935e+23,21.992,4.007,3.669,714.728333
2011.04.14_13:36:00_TAI,258.6,2.562615e+22,27.015,100.043,99.701,37.010,-0.07647219,2.604530e+13,0.00088704,1209.620,35.296,2.675026e+12,2.020947e+03,1.067953e+23,22.007,4.122,3.636,716.711670
2011.04.14_13:48:00_TAI,258.8,2.557762e+22,26.829,99.557,99.252,36.831,-0.12123882,2.586734e+13,0.00092944,1200.208,36.757,2.927901e+12,2.017983e+03,1.059902e+23,21.826,3.707,3.604,713.937927
2011.04.14_14:00:00_TAI,259.0,2.540620e+22,26.633,100.050,99.809,36.675,-0.15633853,2.553394e+13,0.00080966,1190.223,31.504,3.217766e+12,2.044465e+03,1.056461e+23,21.792,3.814,3.549,701.853271
2011.04.14_14:12:00_TAI,259.2,2.533304e+22,26.564,99.498,99.326,36.694,-0.09644094,2.543589e+13,0.00042603,1184.600,16.550,1.981748e+12,2.031033e+03,1.047848e+23,21.751,3.769,3.610,692.395325
2011.04.14_14:24:00_TAI,259.4,2.533995e+22,26.483,99.384,99.252,36.876,-0.14881104,2.554824e+13,0.00060125,1192.518,23.246,3.043269e+12,2.041297e+03,1.048128e+23,21.752,3.634,3.700,690.402954
2011.04.14_14:36:00_TAI,259.6,2.515901e+22,26.647,99.603,99.301,37.013,-0.10661986,2.538059e+13,0.00046222,1189.354,17.678,2.156934e+12,2.055461e+03,1.044045e+23,21.841,3.846,3.599,685.820740
2011.04.14_14:48:00_TAI,259.8,2.539269e+22,26.618,99.515,99.443,36.707,-0.17101145,2.556289e+13,0.00033446,1197.838,12.902,3.489279e+12,2.061245e+03,1.055989e+23,21.937,3.894,3.617,687.967102
2011.04.14_15:00:00_TAI,260.0,2.551247e+22,26.534,99.520,99.767,36.604,-0.12337952,2.606849e+13,0.00042177,1219.346,16.264,2.629593e+12,2.059042e+03,1.054505e+23,21.930,3.828,3.629,687.844360
2011.04.14_15:12:00_TAI,260.2,2.551732e+22,26.392,99.822,99.872,36.555,-0.18965845,2.542801e+13,0.00035625,1201.679,13.650,3.843735e+12,2.080720e+03,1.058837e+23,21.930,3.917,3.637,680.957214
2011.04.14_15:24:00_TAI,260.4,2.594151e+22,26.390,98.709,98.905,36.189,-0.11057845,2.571256e+13,-0.00002414,1212.830,0.944,2.286985e+12,2.062225e+03,1.070952e+23,21.938,3.785,3.592,677.989990
2011.04.14_15:36:00_TAI,260.6,2.610909e+22,26.331,98.156,98.474,36.109,-0.12999246,2.608718e+13,0.00023809,1233.812,9.365,2.704348e+12,2.052065e+03,1.071971e+23,21.901,3.648,3.557,680.472473
2011.04.14_15:48:00_TAI,260.8,2.679619e+22,26.179,97.065,97.371,35.756,-0.10872046,2.662281e+13,0.00030010,1252.901,12.184,2.522874e+12,1.995751e+03,1.076107e+23,21.721,3.170,3.610,673.164856
2011.04.14_16:00:00_TAI,261.0,2.720331e+22,26.324,95.270,95.493,35.218,-0.14002587,2.646282e+13,-0.00002172,1241.830,0.903,3.078671e+12,1.970607e+03,1.087962e+23,21.828,3.459,3.571,669.675659
2011.04.14_16:12:00_TAI,261.2,2.765470e+22,26.371,93.675,94.070,34.528,-0.08993252,2.696712e+13,0.00035993,1255.694,15.404,2.035633e+12,1.903157e+03,1.081735e+23,21.814,3.341,3.607,664.093933
2011.04.14_16:24:00_TAI,261.4,2.798453e+22,26.429,92.865,93.407,34.301,-0.06897347,2.747075e+13,0.00022501,1270.031,9.834,2.078792e+12,1.871776e+03,1.086444e+23,21.767,3.313,3.610,661.558228
2011.04.14_16:36:00_TAI,261.6,2.840375e+22,26.517,92.050,92.389,33.678,-0.07696847,2.742839e+13,0.00018602,1256.415,8.346,1.826337e+12,1.836644e+03,1.094371e+23,21.815,3.435,3.610,658.960388
2011.04.14_16:48:00_TAI,261.8,2.863575e+22,26.547,90.896,91.284,33.515,-0.04157038,2.734243e+13,0.00062234,1240.672,28.455,2.585678e+12,1.796291e+03,1.090794e+23,21.792,3.427,3.599,653.621643
2011.04.14_17:00:00_TAI,262.0,2.870982e+22,26.525,89.456,89.717,32.868,-0.08686646,2.650792e+13,0.00068314,1203.034,31.488,3.262060e+12,1.760236e+03,1.077573e+23,21.687,3.222,3.392,646.867310
2011.04.14_17:12:00_TAI,262.2,2.878119e+22,26.235,89.029,89.263,32.534,-0.05063348,2.610183e+13,0.00053266,1179.216,24.706,2.796029e+12,1.706165e+03,1.050998e+23,21.338,2.889,3.331,645.021179
2011.04.14_17:24:00_TAI,262.4,2.861484e+22,26.383,88.369,88.536,32.455,-0.00209919,2.598022e+13,0.00077463,1181.047,35.906,3.488933e+12,1.688373e+03,1.039387e+23,21.438,3.145,3.475,644.400024
2011.04.14_17:36:00_TAI,262.6,2.850619e+22,26.384,88.327,88.574,32.633,-0.02549667,2.585027e+13,0.00044248,1170.860,20.518,2.393159e+12,1.675248e+03,1.031686e+23,21.336,3.166,3.699,638.633911
2011.04.14_17:48:00_TAI,262.8,2.836947e+22,26.578,88.888,89.278,32.789,-0.06926086,2.598320e+13,0.00060178,1173.719,27.739,2.855344e+12,1.671692e+03,1.023390e+23,21.335,3.369,3.669,648.031494
2011.04.14_18:24:00_TAI,263.4,2.788997e+22,26.246,91.297,91.317,33.434,-0.06628167,2.514474e+13,0.00081103,1158.284,35.932,2.611771e+12,1.718079e+03,1.010878e+23,21.200,3.092,3.279,643.568298
2011.04.14_18:36:00_TAI,263.6,2.744064e+22,26.312,92.665,92.782,34.019,-0.12726635,2.530413e+13,0.00116123,1170.240,50.012,3.583336e+12,1.755711e+03,1.004223e+23,21.239,3.281,3.442,646.936279
2011.04.14_18:48:00_TAI,263.8,2.726056e+22,26.133,94.363,94.502,34.056,-0.09172143,2.526056e+13,0.00107194,1190.508,45.131,2.606274e+12,1.812105e+03,1.013233e+23,21.309,3.138,3.396,637.470154
2011.04.14_19:00:00_TAI,264.0,2.745759e+22,26.407,95.090,95.133,34.687,-0.12111999,2.628547e+13,0.00113237,1218.625,48.139,3.334915e+12,1.825255e+03,1.030597e+23,21.573,3.375,3.450,635.787109
2011.04.14_19:12:00_TAI,264.2,2.760077e+22,26.492,95.896,95.873,35.450,-0.10937522,2.737445e+13,0.00130733,1269.413,55.609,3.498527e+12,1.868361e+03,1.055506e+23,21.709,3.362,3.488,639.371704
2011.04.14_19:24:00_TAI,264.4,2.702511e+22,26.362,97.233,97.255,35.983,-0.19677040,2.656254e+13,0.00127676,1261.603,51.947,4.234479e+12,1.948278e+03,1.052813e+23,21.632,3.188,3.586,640.382385
2011.04.14_19:36:00_TAI,264.6,2.714618e+22,26.186,97.614,97.672,36.098,-0.13406190,2.694576e+13,0.00080685,1279.393,32.857,2.887375e+12,1.952092e+03,1.055729e+23,21.606,3.015,3.503,626.733093
2011.04.14_19:48:00_TAI,264.8,2.737409e+22,26.299,97.139,97.404,36.345,-0.12744012,2.742488e+13,0.00087330,1293.062,36.061,3.433121e+12,1.934958e+03,1.061111e+23,21.637,3.231,3.496,628.296570
2011.04.14_20:00:00_TAI,265.0,2.755101e+22,26.326,95.604,95.699,36.053,-0.16905005,2.783816e+13,0.00063365,1296.676,26.659,3.761747e+12,1.887395e+03,1.054578e+23,21.735,3.052,3.443,621.140747
2011.04.14_20:12:00_TAI,265.2,2.759244e+22,26.456,94.259,94.459,35.771,-0.08742870,2.798779e+13,0.00087427,1293.838,37.171,3.193852e+12,1.850157e+03,1.044681e+23,21.752,3.330,3.450,618.441040
2011.04.14_20:24:00_TAI,265.4,2.770689e+22,26.476,92.975,93.096,35.155,-0.12417182,2.777382e+13,0.00075552,1276.469,32.612,3.059185e+12,1.824748e+03,1.046062e+23,21.782,3.639,3.504,606.496887
2011.04.14_20:36:00_TAI,265.6,2.799174e+22,26.354,90.874,91.231,34.447,-0.06794985,2.757051e+13,0.00060669,1259.251,26.787,2.680985e+12,1.755484e+03,1.029366e+23,21.526,3.132,3.522,610.061951
2011.04.14_20:48:00_TAI,265.8,2.794136e+22,26.537,89.253,89.742,33.963,-0.06600670,2.709352e+13,0.00080165,1224.411,35.783,2.834994e+12,1.707823e+03,1.012419e+23,21.665,3.589,3.505,608.730591
2011.04.14_21:00:00_TAI,266.0,2.782966e+22,26.355,88.617,88.924,33.792,-0.01983637,2.649411e+13,0.00073444,1203.443,32.768,2.801679e+12,1.661628e+03,9.845707e+22,21.300,3.301,3.494,605.387695
2011.04.14_21:12:00_TAI,266.2,2.771619e+22,26.227,87.192,87.682,32.752,-0.04309868,2.560920e+13,0.00059797,1159.161,26.820,2.317242e+12,1.607134e+03,9.573606e+22,21.138,3.112,3.500,603.039978
2011.04.14_21:24:00_TAI,266.4,2.777784e+22,26.250,85.990,86.471,32.308,-0.00288634,2.529588e+13,0.00089219,1137.739,40.494,3.317861e+12,1.556797e+03,9.384155e+22,20.975,3.010,3.391,588.390015
2011.04.14_21:36:00_TAI,266.6,2.772414e+22,26.120,84.717,85.019,31.823,-0.00160050,2.464851e+13,0.00061336,1106.682,28.065,2.426713e+12,1.507998e+03,9.163897e+22,20.778,2.767,3.407,583.102722
2011.04.14_21:48:00_TAI,266.8,2.754465e+22,26.261,83.214,83.418,31.510,-0.06436639,2.423934e+13,0.00077886,1086.472,35.706,2.668242e+12,1.487003e+03,9.053302e+22,20.823,3.235,3.388,581.305725
2011.04.14_22:00:00_TAI,267.0,2.719621e+22,26.070,82.773,83.056,31.087,-0.03577294,2.320226e+13,0.00074081,1049.149,33.331,2.811312e+12,1.465064e+03,8.754933e+22,20.467,2.874,3.383,571.435425
2011.04.14_22:12:00_TAI,267.2,2.711608e+22,26.138,82.098,82.450,30.726,-0.00589557,2.304461e+13,0.00101390,1044.828,45.611,3.610709e+12,1.459678e+03,8.721004e+22,20.396,2.972,3.384,575.944214
2011.04.14_22:24:00_TAI,267.4,2.702403e+22,25.983,81.346,81.644,30.530,-0.05815601,2.283074e+13,0.00052911,1029.035,23.804,2.181317e+12,1.417578e+03,8.469849e+22,20.160,2.472,3.395,570.338257
2011.04.14_22:36:00_TAI,267.6,2.676019e+22,25.847,81.211,81.520,30.498,-0.05309937,2.228175e+13,0.00064181,1008.512,28.436,1.810384e+12,1.418996e+03,8.349795e+22,19.897,2.173,3.441,571.313232
2011.04.14_22:48:00_TAI,267.8,2.667987e+22,25.911,80.832,81.261,30.329,-0.06333242,2.205843e+13,0.00066547,993.949,29.487,1.551750e+12,1.418779e+03,8.349462e+22,19.926,2.424,3.184,572.184875
2011.04.14_23:00:00_TAI,268.0,2.654154e+22,25.883,80.665,81.267,30.360,-0.03169446,2.196030e+13,0.00079568,992.419,34.946,1.840408e+12,1.414153e+03,8.248239e+22,19.834,2.511,3.402,573.633240
2011.04.14_23:12:00_TAI,268.2,2.664477e+22,25.811,80.598,81.132,30.465,-0.08090076,2.205134e+13,0.00092929,992.139,41.149,3.027676e+12,1.404282e+03,8.257992e+22,19.816,2.254,3.189,566.887878
2011.04.14_23:24:00_TAI,268.4,2.643809e+22,25.935,80.344,80.737,29.999,-0.07764037,2.163778e+13,0.00055244,965.630,24.310,1.807746e+12,1.396958e+03,8.163721e+22,19.895,2.423,3.269,572.334839
2011.04.14_23:36:00_TAI,268.6,2.660867e+22,25.988,79.810,80.301,29.961,-0.09263083,2.199919e+13,0.00092720,979.272,41.209,2.953061e+12,1.386195e+03,8.182005e+22,19.985,2.563,3.140,570.404846
2011.04.14_23:48:00_TAI,268.8,2.652105e+22,25.717,80.408,80.714,30.169,-0.08331428,2.177127e+13,0.00107055,983.146,46.972,3.154160e+12,1.403362e+03,8.177665e+22,19.846,2.338,3.234,563.592590
2011.04.15_00:00:00_TAI,269.0,2.623622e+22,25.548,80.127,80.372,29.920,-0.09015831,2.118106e+13,0.00081455,964.781,35.170,2.712677e+12,1.410714e+03,8.089543e+22,19.695,2.300,3.129,560.124695
2011.04.15_00:12:00_TAI,269.2,2.637589e+22,25.432,79.874,80.068,29.723,-0.05630421,2.124792e+13,0.00100837,966.237,43.759,2.928407e+12,1.409844e+03,8.125186e+22,19.661,2.256,3.189,564.079590
2011.04.15_00:24:00_TAI,269.4,2.641284e+22,25.215,79.251,79.504,29.776,-0.10235487,2.112625e+13,0.00103542,966.607,44.868,2.988281e+12,1.411228e+03,8.121541e+22,19.563,2.068,3.217,551.139221
2011.04.15_00:36:00_TAI,269.6,2.656803e+22,25.453,79.231,79.625,29.706,-0.11053788,2.145941e+13,0.00090172,970.188,39.499,2.562576e+12,1.404744e+03,8.172099e+22,19.686,2.244,3.229,557.900818
2011.04.15_00:48:00_TAI,269.8,2.667545e+22,25.398,78.233,78.620,29.297,-0.04697797,2.147592e+13,0.00100361,969.555,44.264,3.171479e+12,1.380596e+03,8.086618e+22,19.645,2.170,3.120,566.565186
2011.04.15_01:00:00_TAI,270.0,2.643697e+22,25.492,79.029,79.444,29.647,-0.09207719,2.132771e+13,0.00106375,966.237,46.344,2.768376e+12,1.392626e+03,8.057768e+22,19.630,2.405,3.117,557.934326
2011.04.15_01:12:00_TAI,270.2,2.654731e+22,25.432,78.452,78.778,29.448,-0.09964662,2.129113e+13,0.00105740,965.285,46.288,3.264784e+12,1.383703e+03,8.044543e+22,19.561,2.282,3.119,554.441223
2011.04.15_01:24:00_TAI,270.4,2.643984e+22,25.249,78.884,79.123,29.541,-0.12427413,2.113058e+13,0.00080470,967.396,34.885,2.851594e+12,1.379787e+03,7.943904e+22,19.424,2.106,3.211,549.671021
2011.04.15_01:36:00_TAI,270.6,2.663025e+22,25.374,78.525,79.015,29.431,-0.11318793,2.116155e+13,0.00110879,965.687,48.482,3.372496e+12,1.371673e+03,7.965313e+22,19.414,2.163,3.170,554.321167
2011.04.15_01:48:00_TAI,270.8,2.644968e+22,25.328,78.630,79.014,29.275,-0.09153710,2.087892e+13,0.00101871,960.512,43.979,2.749600e+12,1.384983e+03,7.940890e+22,19.410,2.191,3.210,554.176880
2011.04.15_02:00:00_TAI,271.0,2.660571e+22,25.296,77.912,78.328,29.230,-0.08823121,2.104465e+13,0.00099118,965.067,43.101,3.107658e+12,1.374683e+03,7.939344e+22,19.319,2.235,3.337,549.687134
2011.04.15_02:12:00_TAI,271.2,2.668134e+22,25.152,78.488,78.942,29.425,-0.09261426,2.120023e+13,0.00112480,974.608,48.766,3.480776e+12,1.385225e+03,7.975760e+22,19.325,2.207,3.215,543.726318
2011.04.15_02:24:00_TAI,271.4,2.690434e+22,25.355,78.592,78.908,29.300,-0.07637698,2.158037e+13,0.00100778,977.050,44.428,2.961472e+12,1.383042e+03,8.098190e+22,19.547,2.381,3.337,542.465820
2011.04.15_02:36:00_TAI,271.6,2.694391e+22,25.305,78.609,78.983,29.326,-0.10751743,2.192549e+13,0.00114880,998.586,50.561,3.485433e+12,1.388544e+03,8.116023e+22,19.547,2.399,3.361,540.423645
2011.04.15_02:48:00_TAI,271.8,2.703547e+22,25.633,78.866,79.292,29.624,-0.10780391,2.235672e+13,0.00104290,1012.132,46.218,3.486402e+12,1.399926e+03,8.239443e+22,19.792,2.710,3.333,541.090515
2011.04.15_03:00:00_TAI,272.0,2.734132e+22,25.732,78.957,79.245,29.768,-0.06587286,2.302228e+13,0.00108776,1038.810,48.858,3.365122e+12,1.413125e+03,8.429355e+22,20.005,2.814,3.330,536.346741
2011.04.15_03:12:00_TAI,272.2,2.736066e+22,25.926,79.561,79.865,30.198,-0.11628740,2.357666e+13,0.00096905,1058.484,43.599,2.918098e+12,1.429568e+03,8.542435e+22,20.117,3.009,3.316,536.447144
2011.04.15_03:24:00_TAI,272.4,2.723916e+22,25.955,80.926,81.269,30.812,-0.10949074,2.349708e+13,0.00100004,1067.250,44.296,2.909472e+12,1.452824e+03,8.546150e+22,20.149,3.052,3.402,535.647095
2011.04.15_03:36:00_TAI,272.6,2.732037e+22,25.899,80.880,81.444,30.932,-0.09212439,2.390214e+13,0.00103339,1084.660,45.661,3.882127e+12,1.476790e+03,8.666730e+22,20.262,3.048,3.373,529.124023
2011.04.15_03:48:00_TAI,272.8,2.729639e+22,25.769,82.543,82.961,31.693,-0.10086702,2.399903e+13,0.00096376,1099.464,41.936,3.799301e+12,1.526242e+03,8.819925e+22,20.329,3.139,3.382,525.790466
2011.04.15_04:00:00_TAI,273.0,2.729044e+22,25.687,83.747,84.152,31.996,-0.09226049,2.443230e+13,0.00096886,1121.183,41.810,3.597187e+12,1.569854e+03,8.997108e+22,20.366,2.920,3.468,519.318726
2011.04.15_04:12:00_TAI,273.2,2.722322e+22,25.654,84.849,85.227,32.429,-0.08795730,2.460712e+13,0.00053421,1134.793,22.800,1.987770e+12,1.599937e+03,9.068804e+22,20.395,2.891,3.467,505.749603
2011.04.15_04:24:00_TAI,273.4,2.727807e+22,25.650,86.209,86.686,33.251,-0.10495567,2.521558e+13,0.00085572,1164.727,36.245,3.348258e+12,1.626348e+03,9.148316e+22,20.426,2.883,3.346,510.396851
2011.04.15_04:36:00_TAI,273.6,2.689853e+22,25.489,88.245,88.425,33.626,-0.15633175,2.469663e+13,0.00092915,1158.996,38.220,3.614955e+12,1.692762e+03,9.247410e+22,MISSING,3.022,3.376,507.583130
2011.04.15_04:48:00_TAI,273.8,2.664647e+22,25.325,89.509,89.742,33.915,-0.11680145,2.456263e+13,0.00099417,1169.485,39.949,3.970987e+12,1.710398e+03,9.127508e+22,20.342,2.840,3.379,511.053406
2011.04.15_05:00:00_TAI,274.0,2.651328e+22,25.126,90.378,90.553,33.629,-0.14964738,2.413986e+13,0.00074870,1156.108,29.686,3.142046e+12,1.735410e+03,9.138373e+22,20.383,2.746,3.371,509.524170
2011.04.15_05:12:00_TAI,274.2,2.615180e+22,25.007,89.587,89.627,33.185,-0.15244444,2.305816e+13,0.00055753,1113.177,21.777,3.153110e+12,1.729516e+03,8.971591e+22,20.288,2.788,3.386,506.289795
2011.04.15_05:24:00_TAI,274.4,2.602871e+22,24.920,89.764,89.907,33.377,-0.15755996,2.278364e+13,0.00103343,1102.031,40.074,3.235680e+12,1.691527e+03,8.711853e+22,19.927,2.372,3.382,506.661133
2011.04.15_05:36:00_TAI,274.6,2.595041e+22,24.999,88.403,88.622,32.748,-0.16524521,2.251378e+13,0.00098296,1085.703,38.373,3.416118e+12,1.636627e+03,8.485179e+22,19.770,2.569,3.385,510.160583
2011.04.15_05:48:00_TAI,274.8,2.576471e+22,24.770,87.232,87.338,31.826,-0.16561988,2.134914e+13,0.00099146,1035.949,38.593,3.414161e+12,1.604571e+03,8.295327e+22,19.608,2.368,3.385,504.373291
2011.04.15_06:24:00_TAI,275.4,2.579713e+22,24.835,82.845,83.068,30.766,-0.08218542,2.039971e+13,0.00134640,973.810,54.187,2.751278e+12,1.447738e+03,7.738323e+22,19.057,2.052,3.232,491.319916
2011.04.15_06:36:00_TAI,275.6,2.567090e+22,24.778,81.872,82.214,30.156,-0.11847978,2.003031e+13,0.00125545,957.429,50.517,2.795059e+12,1.424499e+03,7.612407e+22,18.979,2.080,3.336,488.924713
2011.04.15_06:48:00_TAI,275.8,2.584581e+22,24.694,80.581,80.986,30.216,-0.08691501,1.989488e+13,0.00109770,945.439,44.682,2.433386e+12,1.386380e+03,7.494868e+22,18.796,1.951,3.389,494.771545
2011.04.15_07:00:00_TAI,276.0,2.581294e+22,24.714,79.959,80.250,29.958,-0.08004808,1.966906e+13,0.00113045,936.749,45.960,2.192486e+12,1.387398e+03,7.491342e+22,18.868,1.985,3.388,481.955414
2011.04.15_07:12:00_TAI,276.2,2.594523e+22,24.765,79.654,80.018,29.945,-0.08520091,1.996003e+13,0.00102672,942.768,42.057,2.219404e+12,1.377316e+03,7.493606e+22,18.836,2.077,3.338,482.221466
2011.04.15_07:24:00_TAI,276.4,2.605046e+22,24.844,79.491,80.078,30.169,-0.10202760,2.038873e+13,0.00112487,958.083,46.316,2.528461e+12,1.378172e+03,7.536516e+22,18.886,2.101,3.239,485.277222
2011.04.15_07:36:00_TAI,276.6,2.615481e+22,24.984,80.187,80.757,30.323,-0.10471596,2.078512e+13,0.00113968,977.521,47.088,2.435347e+12,1.407541e+03,7.723850e+22,19.141,2.183,3.305,464.015930
2011.04.15_07:48:00_TAI,276.8,2.644283e+22,24.970,80.649,81.267,30.731,-0.08290890,2.145384e+13,0.00095755,1005.639,40.038,2.334411e+12,1.413138e+03,7.847274e+22,19.149,2.172,3.327,470.684418
2011.04.15_08:00:00_TAI,277.0,2.617657e+22,24.830,81.565,82.194,30.942,-0.06142619,2.114696e+13,0.00097463,1003.411,39.812,2.331225e+12,1.449327e+03,7.862498e+22,19.105,2.230,3.304,464.846069
2011.04.15_08:12:00_TAI,277.2,2.617023e+22,24.926,81.605,82.206,30.858,-0.08496955,2.174262e+13,0.00101275,1026.055,41.377,2.855434e+12,1.468555e+03,7.968175e+22,19.185,2.320,3.339,463.468140
2011.04.15_08:24:00_TAI,277.4,2.598752e+22,24.908,82.129,82.833,31.302,-0.08106668,2.194916e+13,0.00083111,1041.930,33.545,2.283981e+12,1.488673e+03,7.979664e+22,19.283,2.510,3.337,454.865295
2011.04.15_08:36:00_TAI,277.6,2.577466e+22,24.610,82.358,83.124,31.261,-0.06398004,2.161040e+13,0.00086889,1035.394,34.424,2.077152e+12,1.506982e+03,7.929106e+22,19.113,2.264,3.364,448.978363
2011.04.15_08:48:00_TAI,277.8,2.522677e+22,24.574,83.263,83.943,31.333,-0.12057398,2.140232e+13,0.00098403,1030.980,37.932,2.461357e+12,1.517457e+03,7.768790e+22,19.138,2.332,3.376,461.596497
2011.04.15_09:00:00_TAI,278.0,2.509735e+22,24.552,83.613,84.426,31.378,-0.11090332,2.161957e+13,0.00075286,1039.729,28.816,2.247883e+12,1.527210e+03,7.763350e+22,19.058,2.349,3.439,454.850830
2011.04.15_09:12:00_TAI,278.2,2.488456e+22,24.430,83.889,84.723,31.528,-0.09083986,2.162274e+13,0.00064504,1045.203,24.378,1.817960e+12,1.526869e+03,7.663676e+22,19.047,2.434,3.428,457.451752
2011.04.15_09:24:00_TAI,278.4,2.455683e+22,24.366,84.254,84.857,31.415,-0.13169625,2.140442e+13,0.00038748,1043.312,14.396,2.591013e+12,1.530309e+03,7.551082e+22,18.921,2.307,3.404,457.311829
2011.04.15_09:36:00_TAI,278.6,2.424115e+22,24.364,84.867,85.759,31.904,-0.19668828,2.129064e+13,0.00079769,1038.809,29.272,3.821811e+12,1.518968e+03,7.402528e+22,18.775,2.439,3.406,464.827789
2011.04.15_09:48:00_TAI,278.8,2.410699e+22,24.278,85.671,86.558,31.704,-0.14947931,2.089135e+13,0.00077380,1026.807,28.118,2.876277e+12,1.534357e+03,7.404982e+22,18.680,2.356,3.407,473.754761
2011.04.15_10:00:00_TAI,279.0,2.406895e+22,24.290,85.615,86.476,31.577,-0.14240389,2.074575e+13,0.00068717,1011.337,24.986,2.741667e+12,1.514014e+03,7.311025e+22,18.697,2.538,3.430,464.510040
2011.04.15_10:12:00_TAI,279.2,2.377513e+22,23.996,86.311,86.962,31.543,-0.14140736,2.029463e+13,0.00037254,995.149,13.324,2.677806e+12,1.512930e+03,7.186039e+22,18.584,2.598,3.419,470.456055
2011.04.15_10:24:00_TAI,279.4,2.356645e+22,23.980,86.488,87.167,31.778,-0.12737449,2.001601e+13,0.00027311,985.417,9.653,2.383696e+12,1.502400e+03,7.052222e+22,18.370,2.521,3.392,475.570618
2011.04.15_10:36:00_TAI,279.6,2.398673e+22,24.077,85.767,86.542,31.369,-0.13297571,2.066546e+13,0.00041181,1007.823,15.039,2.571265e+12,1.466218e+03,7.111378e+22,18.474,2.579,3.410,474.353088
2011.04.15_10:48:00_TAI,279.8,2.424893e+22,24.164,84.981,85.692,31.210,-0.10529035,2.085084e+13,0.00014154,1006.825,5.270,2.075468e+12,1.436098e+03,7.100703e+22,18.461,2.425,3.405,471.247772
2011.04.15_11:00:00_TAI,280.0,2.404373e+22,24.100,84.510,85.176,30.913,-0.09583558,2.024006e+13,0.00056189,981.081,20.795,1.877793e+12,1.413167e+03,6.945662e+22,18.331,2.221,3.329,460.159882
2011.04.15_11:12:00_TAI,280.2,2.427431e+22,24.032,84.577,85.444,30.812,-0.03755519,2.055020e+13,0.00028811,1004.348,10.782,9.560928e+11,1.407078e+03,6.993657e+22,18.234,2.319,3.342,453.722260
2011.04.15_11:24:00_TAI,280.4,2.412701e+22,24.433,84.462,85.149,30.929,-0.10754560,2.029993e+13,0.00032449,990.679,12.090,2.121379e+12,1.427968e+03,7.065814e+22,18.442,2.598,3.334,450.633911
2011.04.15_11:36:00_TAI,280.6,2.412858e+22,24.259,83.563,84.249,30.766,-0.01978986,2.005925e+13,0.00033587,982.730,12.515,3.904064e+11,1.395620e+03,6.906679e+22,18.174,2.439,3.310,441.847504
2011.04.15_11:48:00_TAI,280.8,2.425925e+22,24.107,83.316,84.055,30.927,-0.00579573,2.012616e+13,0.00051060,991.575,19.087,1.146223e+12,1.380861e+03,6.855099e+22,18.009,2.207,3.306,444.853485
2011.04.15_12:00:00_TAI,281.0,2.413531e+22,24.217,83.440,84.254,31.130,-0.06929244,2.011844e+13,0.00003037,991.367,1.129,1.363976e+12,1.415954e+03,6.992262e+22,18.181,2.455,3.302,452.180847
2011.04.15_12:12:00_TAI,281.2,2.423335e+22,24.201,83.466,84.555,31.058,-0.02109762,2.036071e+13,0.00034300,1005.065,12.833,4.579268e+11,1.413917e+03,7.025770e+22,18.069,2.437,3.330,443.898407
2011.04.15_12:24:00_TAI,281.4,2.422494e+22,24.420,83.225,84.324,30.773,-0.02524262,2.022080e+13,0.00020055,1000.899,7.503,4.999078e+11,1.416855e+03,7.039618e+22,18.256,2.376,3.321,438.905090
2011.04.15_12:36:00_TAI,281.6,2.451853e+22,24.838,82.513,83.675,30.822,-0.04292040,2.062268e+13,-0.00016383,1012.324,6.242,8.657026e+11,1.428423e+03,7.228367e+22,18.653,2.963,3.333,446.653015
2011.04.15_12:48:00_TAI,281.8,2.441146e+22,24.690,82.159,83.296,31.116,0.00859426,2.042551e+13,0.00005340,1011.525,2.010,1.712400e+11,1.421150e+03,7.104367e+22,18.476,2.776,3.353,443.588745
2011.04.15_13:00:00_TAI,282.0,2.443516e+22,24.390,83.063,84.428,30.710,0.00550923,2.016039e+13,0.00006578,1001.712,2.465,6.340400e+11,1.421489e+03,7.073397e+22,18.269,2.722,3.344,434.824524
2011.04.15_13:12:00_TAI,282.2,2.444545e+22,24.304,82.632,83.340,30.570,-0.01418692,1.990230e+13,0.00019479,990.910,7.286,1.421981e+12,1.414673e+03,7.027644e+22,18.240,2.847,3.392,426.313171
2011.04.15_13:24:00_TAI,282.4,2.461208e+22,24.606,84.509,86.738,31.672,0.02875391,2.104184e+13,0.00073784,1032.263,27.920,1.769466e+12,1.488898e+03,7.482386e+22,18.595,3.150,3.451,423.632477
2011.04.15_13:36:00_TAI,282.6,2.465607e+22,24.255,84.031,86.046,30.911,-0.01524037,2.064687e+13,0.00059415,1022.455,22.424,1.863925e+12,1.497064e+03,7.503742e+22,18.429,2.798,3.453,418.363220
2011.04.15_13:48:00_TAI,282.8,2.470909e+22,24.352,83.385,85.617,31.254,-0.00230459,2.085830e+13,0.00055329,1032.889,20.856,1.492670e+12,1.477745e+03,7.397488e+22,18.303,2.863,3.431,414.061462
2011.04.15_14:00:00_TAI,283.0,2.480459e+22,24.205,82.411,83.440,31.173,-0.07842930,2.017138e+13,0.00006149,1006.962,2.302,1.553816e+12,1.407839e+03,6.998747e+22,17.960,2.391,3.476,414.527618
2011.04.15_14:12:00_TAI,283.2,2.477052e+22,24.090,83.295,85.572,31.350,-0.01241260,2.086864e+13,0.00016976,1017.855,6.353,2.458436e+11,1.490800e+03,7.409189e+22,18.449,2.995,3.501,416.648743
2011.04.15_14:24:00_TAI,283.4,2.477433e+22,24.319,81.751,83.024,31.089,-0.05457336,1.995585e+13,0.00017031,995.724,6.332,1.073897e+12,1.440265e+03,7.111933e+22,18.132,2.447,3.474,419.725647
2011.04.15_14:36:00_TAI,283.6,2.513562e+22,24.490,81.088,82.850,30.837,-0.02527513,2.050227e+13,0.00071007,1009.080,26.969,1.321900e+12,1.490237e+03,7.516823e+22,18.528,3.159,3.429,417.470398
2011.04.15_14:48:00_TAI,283.8,2.555945e+22,24.374,80.235,81.457,30.852,-0.05669775,2.042633e+13,-0.00011024,1022.455,4.240,1.154216e+12,1.446217e+03,7.388128e+22,18.227,2.672,3.414,420.859467
2011.04.15_15:00:00_TAI,284.0,2.568864e+22,24.800,81.238,84.765,31.492,-0.02927840,2.176090e+13,0.00017743,1077.474,6.869,5.999093e+11,1.602798e+03,8.241464e+22,18.848,3.608,3.469,428.325348
2011.04.15_15:12:00_TAI,284.2,2.628343e+22,24.615,79.699,81.649,30.952,-0.01848703,2.165801e+13,0.00046377,1076.031,18.331,1.467528e+12,1.542495e+03,8.097117e+22,18.497,3.099,3.442,422.371277
2011.04.15_15:24:00_TAI,284.4,2.688059e+22,24.528,80.444,83.216,31.422,-0.03506124,2.257663e+13,-0.00049284,1130.338,19.823,1.269048e+12,1.580854e+03,8.444179e+22,18.515,3.160,3.444,426.946533
2011.04.15_15:36:00_TAI,284.6,2.715934e+22,24.383,79.458,81.223,31.357,0.01249566,2.211559e+13,-0.00103339,1116.558,41.898,1.398443e+12,1.500066e+03,8.076992e+22,18.208,2.405,3.503,421.926849
2011.04.15_15:48:00_TAI,284.8,2.769769e+22,24.228,77.994,79.437,31.026,0.01013621,2.234183e+13,-0.00086091,1134.506,35.837,5.080306e+11,1.466201e+03,8.106106e+22,17.966,2.292,3.505,426.577148
2011.04.15_16:00:00_TAI,285.0,2.795691e+22,24.314,78.116,80.359,31.137,-0.02193061,2.306957e+13,-0.00131547,1169.292,55.564,1.037788e+12,1.540793e+03,8.643120e+22,18.185,2.476,3.522,415.202423
2011.04.15_16:12:00_TAI,285.2,2.816438e+22,24.604,77.877,80.581,31.260,0.03755491,2.336921e+13,-0.00066203,1178.799,28.396,8.523783e+11,1.551045e+03,8.835140e+22,18.452,3.029,3.534,418.110260
2011.04.15_16:24:00_TAI,285.4,2.840728e+22,24.793,75.928,78.710,30.493,-0.00321948,2.345569e+13,-0.00104947,1178.943,45.931,9.248756e+11,1.529089e+03,8.887961e+22,18.466,2.998,3.513,409.859344
2011.04.15_16:36:00_TAI,285.6,2.842624e+22,24.659,74.780,77.236,30.314,0.02910593,2.337620e+13,-0.00103742,1186.521,45.606,1.748140e+12,1.507347e+03,8.800617e+22,18.242,2.655,3.426,407.698761
2011.04.15_16:48:00_TAI,285.8,2.808507e+22,24.517,73.844,75.633,29.666,0.02957035,2.218559e+13,-0.00072187,1136.358,31.311,9.764004e+11,1.450724e+03,8.357122e+22,18.014,2.437,3.430,404.845795
2011.04.15_17:00:00_TAI,286.0,2.786120e+22,24.685,73.864,77.045,29.699,-0.02893843,2.264500e+13,-0.00153828,1140.604,66.786,2.326682e+12,1.570137e+03,9.053363e+22,18.313,2.893,3.428,407.988831
2011.04.15_17:12:00_TAI,286.2,2.767677e+22,24.590,72.313,74.099,29.176,0.07482565,2.144940e+13,-0.00090201,1089.431,38.951,1.918702e+12,1.413862e+03,8.108161e+22,17.934,2.531,3.442,403.147736
2011.04.15_17:24:00_TAI,286.4,2.742659e+22,24.792,73.015,75.864,29.481,0.01056035,2.156815e+13,-0.00101643,1084.519,43.726,2.523471e+12,1.472013e+03,8.410165e+22,18.288,2.903,3.436,404.122070
2011.04.15_17:36:00_TAI,286.6,2.708782e+22,24.651,72.551,74.640,29.979,0.04120931,2.110197e+13,-0.00078121,1095.622,32.760,1.738268e+12,1.432436e+03,7.977648e+22,17.804,2.423,3.539,401.801056
2011.04.15_17:48:00_TAI,286.8,2.690594e+22,24.861,74.189,77.997,30.155,0.02995729,2.147892e+13,-0.00141755,1102.178,59.238,2.682786e+12,1.577397e+03,8.754814e+22,18.226,2.960,3.435,404.643280
2011.04.15_18:24:00_TAI,287.4,2.659984e+22,24.442,75.651,78.707,29.824,-0.06337532,2.093894e+13,-0.00147003,1091.434,59.513,2.511144e+12,1.587789e+03,8.536884e+22,18.150,2.776,3.759,393.963379
2011.04.15_18:36:00_TAI,287.6,2.664399e+22,24.381,76.575,79.596,30.590,-0.05517599,2.130983e+13,-0.00156256,1113.301,62.634,2.431241e+12,1.627749e+03,8.665698e+22,18.368,2.976,3.860,397.429108
2011.04.15_18:48:00_TAI,287.8,2.625462e+22,24.295,77.442,80.739,31.223,-0.09446356,2.115691e+13,-0.00155737,1108.949,60.546,3.343686e+12,1.647510e+03,8.506158e+22,18.541,3.177,3.919,406.115845
2011.04.15_19:00:00_TAI,288.0,2.651429e+22,24.512,78.844,82.414,32.203,-0.02323793,2.181001e+13,-0.00190535,1127.250,74.118,3.841247e+12,1.686901e+03,8.715358e+22,18.666,3.249,3.881,405.345886
2011.04.15_19:12:00_TAI,288.2,2.676158e+22,24.427,79.940,83.962,32.874,-0.09133042,2.235880e+13,-0.00189225,1159.217,74.015,3.482713e+12,1.710541e+03,8.886110e+22,18.906,3.242,3.737,404.929230
2011.04.15_19:24:00_TAI,288.4,2.716703e+22,24.750,79.581,83.969,32.539,-0.08988347,2.378106e+13,-0.00188948,1199.201,76.471,2.969376e+12,1.740579e+03,9.355371e+22,19.583,4.176,3.866,398.028687
2011.04.15_19:36:00_TAI,288.6,2.729610e+22,24.965,78.694,82.495,33.114,-0.05823003,2.352960e+13,-0.00153039,1186.996,62.268,1.602590e+12,1.729404e+03,9.345141e+22,19.341,3.817,4.098,396.955658
2011.04.15_19:48:00_TAI,288.8,2.766069e+22,24.985,78.097,81.753,32.416,-0.03175002,2.348785e+13,-0.00160416,1183.250,66.784,2.922558e+12,1.668516e+03,9.225310e+22,19.329,3.658,4.072,403.108093
2011.04.15_20:00:00_TAI,289.0,2.740938e+22,24.572,77.161,80.974,31.829,-0.06703757,2.320922e+13,-0.00158604,1171.850,65.440,2.728744e+12,1.646203e+03,9.020388e+22,19.211,3.143,4.186,388.977386
2011.04.15_20:12:00_TAI,289.2,2.748390e+22,24.841,74.899,78.692,31.299,-0.01018905,2.320083e+13,-0.00171520,1159.924,71.870,2.949250e+12,1.626346e+03,9.050243e+22,19.198,3.270,3.967,393.955170
2011.04.15_20:24:00_TAI,289.4,2.724042e+22,24.992,74.039,78.097,30.873,-0.05299710,2.308905e+13,-0.00162038,1144.277,68.192,3.457615e+12,1.586132e+03,8.865014e+22,19.191,3.431,3.999,386.211853
2011.04.15_20:36:00_TAI,289.6,2.744155e+22,25.008,71.510,74.637,30.342,-0.02054735,2.270340e+13,-0.00128346,1138.139,54.931,2.770921e+12,1.451128e+03,8.248643e+22,18.786,2.890,4.119,394.152008
2011.04.15_20:48:00_TAI,289.8,2.729119e+22,25.481,71.382,77.243,30.291,-0.01274000,2.310930e+13,-0.00098825,1126.886,42.879,2.051866e+12,1.593870e+03,9.184277e+22,19.364,3.715,4.108,390.957916
2011.04.15_21:00:00_TAI,290.0,2.661334e+22,25.265,71.296,77.220,30.027,-0.03978149,2.198137e+13,-0.00105874,1061.970,44.886,2.204385e+12,1.572433e+03,8.853809e+22,19.337,3.543,4.336,374.472626
2011.04.15_21:12:00_TAI,290.2,2.656703e+22,25.399,68.819,73.684,29.500,-0.00649446,2.171772e+13,-0.00119110,1065.456,50.498,2.538628e+12,1.500906e+03,8.450864e+22,19.057,3.505,4.187,367.976410
2011.04.15_21:24:00_TAI,290.4,2.675088e+22,24.957,66.127,68.825,28.773,0.05012680,2.053398e+13,-0.00092842,1031.860,39.651,2.505602e+12,1.322847e+03,7.503292e+22,18.247,2.430,3.935,357.333252
2011.04.15_21:36:00_TAI,290.6,2.613695e+22,25.282,68.640,75.144,29.693,0.07234788,2.104188e+13,-0.00048314,1018.654,20.462,1.621755e+12,1.542005e+03,8.673057e+22,19.147,3.948,4.128,356.307434
2011.04.15_21:48:00_TAI,290.8,2.610768e+22,24.943,66.846,71.761,29.189,-0.03870691,2.040138e+13,-0.00157478,1018.921,66.147,3.094422e+12,1.473360e+03,8.218868e+22,18.600,2.833,4.271,356.432800
2011.04.15_22:00:00_TAI,291.0,2.604396e+22,25.219,67.763,74.193,29.445,-0.00375409,2.056400e+13,-0.00067407,1007.932,28.314,2.082280e+12,1.501921e+03,8.378391e+22,18.788,3.240,4.245,358.126251
2011.04.15_22:12:00_TAI,291.2,2.585579e+22,24.952,67.405,73.001,29.361,-0.00503640,2.005904e+13,-0.00189395,987.160,78.546,5.005783e+12,1.493083e+03,8.223797e+22,18.787,3.313,4.439,353.913818
2011.04.15_22:24:00_TAI,291.4,2.552374e+22,24.645,67.511,73.768,29.639,0.01281041,1.968317e+13,-0.00110272,967.920,45.046,2.379780e+12,1.462909e+03,7.936562e+22,18.595,3.195,4.193,357.786682
2011.04.15_22:36:00_TAI,291.6,2.541511e+22,24.409,67.107,71.834,29.353,0.04801312,1.906254e+13,-0.00038602,947.444,15.606,1.154554e+12,1.359200e+03,7.297570e+22,18.192,2.694,4.341,347.202667
2011.04.15_22:48:00_TAI,291.8,2.487931e+22,24.621,67.814,73.699,29.944,-0.02750681,1.954248e+13,-0.00177952,961.649,70.398,4.649355e+12,1.489637e+03,7.826173e+22,18.545,3.076,4.345,345.543121
2011.04.15_23:00:00_TAI,292.0,2.517652e+22,24.589,66.086,70.328,29.484,-0.03780348,1.928360e+13,-0.00041617,974.440,16.628,1.996034e+12,1.361075e+03,7.222135e+22,18.271,2.583,4.422,345.102783
2011.04.15_23:12:00_TAI,292.2,2.491391e+22,24.316,67.285,71.645,29.967,0.07957698,1.911588e+13,0.00005685,959.367,2.231,1.652985e+12,1.409793e+03,7.346217e+22,18.365,2.648,4.185,346.223663
2011.04.15_23:24:00_TAI,292.4,2.483191e+22,24.669,67.304,73.129,29.759,0.03052871,1.962850e+13,-0.00140266,955.218,55.423,3.085530e+12,1.509905e+03,7.923227e+22,19.115,3.427,4.205,346.580536
2011.04.15_23:36:00_TAI,292.6,2.472811e+22,24.816,68.041,73.561,30.355,-0.00185288,1.918032e+13,-0.00091856,949.279,35.898,1.550713e+12,1.541693e+03,8.001794e+22,18.645,2.861,4.314,342.564667
2011.04.15_23:48:00_TAI,292.8,2.489451e+22,24.460,67.219,72.075,30.105,0.02744952,1.898722e+13,-0.00125315,948.707,49.096,2.358733e+12,1.476328e+03,7.682330e+22,18.461,2.654,4.253,335.431213
2011.04.16_00:00:00_TAI,293.0,2.450365e+22,24.607,67.679,74.782,29.705,0.02742613,1.893428e+13,-0.00100073,929.629,38.726,2.741025e+12,1.559505e+03,8.015121e+22,MISSING,3.556,4.202,329.354553
2011.04.16_00:12:00_TAI,293.2,2.426698e+22,24.802,70.083,79.381,29.817,-0.05487198,1.939012e+13,-0.00065868,962.932,25.314,2.683399e+12,1.714304e+03,8.749482e+22,19.328,3.916,4.438,338.264313
2011.04.16_00:24:00_TAI,293.4,2.419909e+22,24.586,70.985,79.737,29.803,-0.00863203,1.907624e+13,-0.00123119,950.446,46.487,3.152723e+12,1.754235e+03,8.796958e+22,19.273,3.652,4.148,347.185303
2011.04.16_00:36:00_TAI,293.6,2.425848e+22,24.494,68.310,74.743,29.576,0.06713331,1.871606e+13,-0.00069493,916.016,26.463,2.201794e+12,1.448214e+03,7.324093e+22,19.128,3.613,4.275,346.235321
2011.04.16_00:48:00_TAI,293.8,2.368442e+22,25.058,70.315,79.543,29.421,-0.01535128,1.952070e+13,-0.00039665,915.020,15.081,3.090842e+11,1.735766e+03,8.764733e+22,20.216,5.215,4.243,341.714325
2011.04.16_01:00:00_TAI,294.0,2.425068e+22,24.835,66.990,72.367,29.396,-0.02138189,1.810817e+13,-0.00031620,893.751,12.131,1.760181e+12,1.449639e+03,7.386163e+22,18.915,2.977,4.334,345.439453
2011.04.16_01:12:00_TAI,294.2,2.404482e+22,24.897,68.183,75.538,29.517,-0.09760713,1.811530e+13,-0.00156386,890.977,59.597,3.792663e+12,1.595947e+03,8.077158e+22,19.399,3.944,4.260,346.670868
2011.04.16_01:24:00_TAI,294.4,2.377826e+22,25.022,68.759,76.270,30.082,-0.00296013,1.880271e+13,-0.00137506,895.506,52.031,3.124930e+12,1.584978e+03,7.965656e+22,19.860,4.603,4.115,346.256226
2011.04.16_01:36:00_TAI,294.6,2.434266e+22,25.059,67.257,75.818,29.110,0.00730438,1.838272e+13,-0.00177140,894.428,68.714,3.691715e+12,1.623871e+03,8.365562e+22,19.473,4.050,4.193,341.329102
2011.04.16_01:48:00_TAI,294.8,2.373110e+22,25.891,69.143,78.501,29.750,0.02787599,1.876846e+13,-0.00019582,889.771,7.515,1.304622e+12,1.768317e+03,9.012699e+22,20.372,5.527,4.251,336.283813
2011.04.16_02:00:00_TAI,295.0,2.399771e+22,25.200,68.389,76.264,29.569,0.04738331,1.818920e+13,-0.00089391,892.324,34.297,2.362009e+12,1.606984e+03,8.188506e+22,19.438,4.063,4.296,338.412323
2011.04.16_02:12:00_TAI,295.2,2.426043e+22,25.048,67.505,74.040,29.115,0.03794473,1.802624e+13,0.00018005,876.301,6.956,8.060006e+11,1.527217e+03,7.835791e+22,19.584,4.481,4.505,329.601990
2011.04.16_02:24:00_TAI,295.4,2.386893e+22,25.564,67.253,75.418,29.328,0.07114970,1.871935e+13,0.00061831,877.505,23.864,1.454519e+12,1.591562e+03,8.157900e+22,20.668,5.723,4.326,338.672699
2011.04.16_02:36:00_TAI,295.6,2.387847e+22,25.140,68.183,77.333,29.288,0.08127716,1.781485e+13,0.00004801,863.081,1.821,1.633275e+12,1.701365e+03,8.572046e+22,19.953,4.391,4.281,340.031952
